9 3 3 2 S S
4 3 9 2 S
3 2 2 4 5 L A
4 2 8 5 D
1 6 5 0 9 B B
5 5 3 8 S S
2 6 6 0 6 D D
5 7 6 9 T Y
5 9 1 3 5 D S
5 5 7 5 6 R R
4 3 8 H H
1 2 8 5 0 A S
2 6 9 7 9 M A
9 3 5 2 9
8 8 0 2 0 B D
1 9 7 5 3 L
8 8 1 4 3 B
7 2 2 8 5 B S
5 3 3 4 2 L D
3 0 0 5 7 R H
2 1 3 5 3 S S
6 6 5 2 B
7 7 8 9 D S
1 1 3 5 B
2 2 5 2 S S
8 4 3 4 A
5 5 1 9 S
4 2 6 4 8 B B
6 6 3 5 3 D S
5 4 2 4 H
2 2 5 0 R M
6 2 3 2 S D
9 9 9 8 5 D B
3 5 7 5 9 S S
6 6 5 5 5 L B
4 5 2 2 5 D
6 5 4 7 3 S
7 7 4 0 5 R R
2 8 5 0 A A
7 5 5 2 H W
9 3 2 8 H H
3 3 5 5 S S
4 S S S
5 0 5 9 1 Y
2 8 3 1 2 H Y
5 9 3 6 9 D
8 8 3 3 7 9 9 S
7 7 7 5 2 D
5 6 3 5 3 H
5 0 2 3 4 R R
2 2 2 6 6 B
7 5 5 0 9 D Y
6 5 2 3 D
4 9 9 5 9 M
7 7 8 3 0 M M
3 6 0 5 9
5 6 3 7 5 W
5 9 8 2 B H
6 5 5 0 6 H Y
9 7 8 0 D B
7 9 9 B B
6 3 8 8 2 L D
6 1 4 5 6 M
6 6 5 0 2
7 8 0 5 8 H
3 3 3 0 S S
5 3 3 5 S S
4 5 5 5 S D
9 9 9 5 5 S
2 2 8 6 9 9 9
5 8 8 9 M M
7 2 2 0 5 B B
2 2 2 2 L S
2 8 2 3 8 H
2 8 2 3 8 H
5 5 5 5 0 D A
1 1 2 3 2 S
4 1 2 9 7 T A
3 3 8 2 4 D D
9 8 8 5 6 B B
8 8 5 5 H Y
5 5 9 2 S H
7 8 8 8 9 D S
7 8 0 4 7 D
8 8 8 1 5 H H
7 7 5 3 2 D H
6 5 5 3 4 B B
8 1 6 2 5 R
2 2 2 3 H H
5 7 7 2 D
6 5 3 5 6 B B
4 2 2 5 3 S B
5 2 8 9 3 S
3 2 8 5 D D
8 6 5 0 8 M A
3 2 2 8 3 A A
2 8 5 5 9 D B
5 5 7 8 0 S
1 2 2 5 2 W
9 2 3 2 7 H H
6 2 1 4 9 Y
1 4 4 9 L M
4 3 1 5 D
6 6 5 2 9 S
7 3 7 3 5 B B
7 7 5 0 3 H
5 5 9 2 5 D A
5 6 6 5 D A
4 9 9 7 5 D B
7 8 8 3 0 R W
5 0 0 0 7 D B
4 4 9 9 0 A A
3 9 0 5 H
7 3 5 9 S S
4 2 2 9 6 D D
8 8 5 2 S H
2 7 5 7 4 H
9 7 8 5 S S
5 3 6 4 4 H B
4 6 5 5 6 6 6 B
5 9 9 4 6 B
7 4 2 5 7 R R
2 2 3 7 S
4 4 4 8 6 L R
2 1 3 2 9 R
6 2 2 5 S A
2 0 0 5 3
4 2 3 6 7 M D
6 6 8 4 A S
7 2 2 3 6 B S
7 2 2 3 6 B S
7 6 3 3 2 H S
7 0 5 8 S S
1 1 2 6 9 2 2 S
6 1 9 8 2 B
2 9 7 2 S S
5 7 6 3 2 M
6 3 6 3 B H
5 5 1 8 5
5 2 2 5 D S
8 0 7 6 1 M
4 3 3 S A
3 5 8 0 7 L A
9 5 3 6 8 B
6 3 3 7 9 D R
6 1 0 8 2 S A
5 4 6 3 S B
5 7 4 5 5 L A
8 8 8 3 B S
3 3 3 7 B B
6 5 7 4 2 B B
1 2 2 2 S
5 9 5 5 5 L S
9 8 9 9 7 T
3 2 8 6 D D
5 7 2 2 S Y
3 3 5 9 M A
2 2 2 2 B A
5 4 7 7 B S
5 5 5 2 D B
8 9 9 3 9 B S
3 2 2 8 2 T W
4 0 3 2 9 R S
4 6 5 1 2 H
4 8 9 2 H
1 5 1 4 7 B Y
5 3 3 3 7 T
2 9 6 4 B S
8 8 8 8 6 D H
6 5 3 0 9
5 4 3 3 5 B S
3 9 5 5 D D
9 5 5 5 7 M M
5 5 5 6 5 M
5 3 3 3 S S
7 4 9 0 S A
5 9 9 5 3 H
4 9 9 9 L
5 2 2 2 3 S S
5 3 4 4 4 B B
5 5 0 8 9 D
2 2 8 2 9 R Y
3 4 2 2 0 R S
8 8 8 7 2 B S
1 1 5 2 H R
7 9 7 4 5 B
5 5 7 9 2 D B
7 2 3 9 D S
5 7 9 9 5 D B
7 9 5 4 5 R
9 9 2 3 S S
2 0 0 5 D M
1 1 5 3 T D
1 8 4 8 8 S
9 1 1 1 8 B B
9 5 1 4 M K
4 7 7 8 2 H Y
6 2 2 7 8 H S
7 5 5 5 S S
8 9 7 0 5 H R
5 0 0 4 2 B R
7 1 2 S D
2 6 3 3 S D
4 0 6 3 0 M S
5 9 7 3 Y
5 3 3 4 D
2 2 0 1 B D
8 8 1 3 2 H B
8 2 2 5 7 D
4 7 1 2 7 M M
8 3 2 5 M H
5 3 3 5 5 S
7 8 8 4 2 S
2 2 3 0 5 S
6 6 6 4 5 A
2 7 5 7 B B
8 2 2 6 2
9 9 5 1 2 A
1 8 3 2 2 T S
7 0 5 5 0 Y
2 2 2 5 H R
7 9 5 8 M M
5 8 8 0 8 A
7 5 7 7 4 H S
3 7 9 0 5 A A
1 8 3 7 D D
2 2 2 3 2 B D
9 7 7 0 9 B
2 5 8 S T
1 5 1 5 B W
4 2 1 8 8 B
9 8 8 5 B
4 2 1 0 7 S
7 3 5 6 S S
3 5 3 4 S S
9 9 3 2 S S
4 8 9 7 3 R R
5 5 9 0 2 S
3 9 9 9 S D
2 2 8 4 5 D
7 1 2 2 H S
8 5 5 3 2 R R
4 9 9 7 3 L
8 8 9 0 5 L H
7 0 0 3 2 B
1 8 0 6 5 B D
4 3 9 5 S S
7 0 0 0 6 M
5 1 1 7 L B
4 4 3 0 L B
3 9 3 8 B S
8 4 2 3 7 B B
3 8 7 7 2 T B
2 2 5 5 5 T H
5 3 8 3 S S
5 8 2 3 M
1 1 4 3 9 S
3 8 0 5 8 A A
9 9 4 7 9 A A
2 8 7 7 5 B B
3 3 2 6 A A
4 2 2 8 6 H W
5 5 2 4 L S
1 5 5 6 7 S S
9 2 3 9 B R
5 7 9 9 8 D A
9 4 1 0 R R
7 6 5 3 9 M
7 7 6 2 8 D S
7 5 5 0 2 L S
9 8 8 6 5 S
4 9 0 8 T
1 1 8 0 D
6 0 8 0 D
8 8 5 7 3 Y
6 2 2 2 B B
1 1 2 2 6 B S
2 8 1 7 3
4 2 2 2 5 B R
8 8 4 5 9 S S
6 0 2 3 5 A A
7 8 8 2 2 B R
9 8 8 4 9 M A
4 9 3 9 B W
3 5 7 5 8 R
7 9 9 6 9 B
4 8 8 4 5 L
5 5 4 3 5 S
5 5 1 5 S S
6 5 2 3 5 M
3 8 5 0 S S
5 8 8 8 4 B B
3 3 3 2 3 S
6 9 1 6 5 D
2 7 6 3 S
1 5 5 3 5 M L
7 6 5 2 3 D R
2 2 0 6 9 M
3 1 1 8 4 H B
4 5 8 M H
5 9 9 8 7 B
2 5 5 6 9 H H
3 5 5 0 6 D D
5 0 0 0 4 A
3 5 3 5 7 T B
2 5 5 3 2 R
7 8 1 7 3 Y
8 8 7 4 D D
4 3 9 2 5 M M
1 9 3 3 3 A A
6 5 5 9 5 D S
1 2 7 4 S
9 2 4 3 6 L S
6 2 5 5 5 S
4 2 5 8 S S
1 5 8 3 B S
1 9 8 0 4 M A
6 2 5 5 5 M S
6 5 6 B Y
2 2 2 2 S
8 7 7 8 9 Y Y
5 8 8 2 S S
5 5 7 6 2 H Y
1 8 3 8 1 B
7 5 5 9 8 B B
4 5 9 6 H R
1 1 5 8 0 A S
8 8 6 9 H M
3 4 4 3 5 S
1 5 5 4 5 M H
6 6 2 8 2 T S
1 5 7 3 0 D
2 9 8 2 S S
4 2 2 4 S S
7 3 3 3 2
7 4 4 9 9 B B
1 8 9 0 9 Y
8 5 5 2 5 S
9 6 3 5 R
8 7 7 8 8 H
5 1 7 7 8 B B
9 9 5 3 2 S S
9 5 5 7 B S
5 4 4 2 6 T D
5 5 5 7 9 B S
6 2 8 6 R Y
1 5 5 6 6 B R
9 3 0 9 2
5 3 5 3 S S
8 8 8 3 5 D B
8 5 8 3 3 S S
8 9 5 4 D
5 3 7 5 1 D R
1 8 5 7 R S
5 4 9 9 0 D Y
3 3 3 2 2 B B
7 7 3 5 0 D S
5 5 5 2 8 D
7 7 5 4 M
4 1 4 8 8 S S
5 5 2 5 4 H
2 2 6 4 B D
7 7 3 9 2 2 2
8 7 3 5 3 Y R
2 2 2 4 A A
6 6 7 2 2
7 5 5 0 6 R R
3 2 5 5 5 L
1 0 0 7 9 B
5 3 9 5 S D
6 8 2 2 5 S S
8 0 0 2 3 B B
3 6 4 5 B Y
7 5 3 5 S A
4 8 8 2 5 B W
8 3 5 0 7 H D
4 8 4 4 L
7 1 0 3 2 D
6 7 8 R
7 3 3 5 5 H
3 4 4 5 9 W
6 5 2 8 7 H S
5 2 3 5 5 D R
7 3 3 3 2 D D
8 8 0 4 7 D D
7 5 7 5 9 S S
5 5 1 4 2 S D
4 6 3 2 5 B D
5 8 2 2 9 A A
3 2 2 1 7 S H
6 6 1 2 8 L Y
7 2 3 2 R H
2 8 8 5 B S
2 8 3 1 2 D Y
7 3 2 4 5 L S
9 6 6 0 6 A
7 0 9 0 M W
5 8 4 5 8 A A
6 5 2 8 7 T B
8 5 2 0 7 H H
5 3 0 3 S S
2 2 0 5 3 S
6 9 3 8 9
6 5 2 9 H S
5 9 1 5 L S
6 5 3 7 8 D H
6 6 8 9 2 R A
7 8 2 7 6 H
6 5 7 5 5 L W
4 4 5 7 9 D S
1 2 5 5 2 S
4 7 7 3 7 B A
3 3 0 3 9 D
4 5 5 6 H
7 9 3 3 S S
7 5 3 5 9 S S
9 1 6 2 B B
5 3 3 4 2 S D
4 0 3 4 4 S D
5 3 7 3 3 B
3 3 7 6 D A
2 6 9 9 L M
4 7 8 8 2 H Y
2 2 8 5 0 A
3 1 1 8 5 B B
3 5 3 7 4 D D
7 5 3 3 7 S A
5 4 6 3 4 B B
4 7 4 9 3 A A
1 2 2 5 5 D S
3 5 2 7 5 M S
5 9 9 4 6 B Y
4 0 0 5 0 R R
4 4 3 5 8 D B
7 2 3 4 5 B B
4 5 8 3 0 L A
1 1 4 9 0 D Y
2 2 3 4 R R
9 3 3 6 5 S S
5 8 2 2 9 B B
5 1 1 6 0 B B
1 7 5 3 9 H
5 5 8 2 2 H
7 7 2 2 2
3 1 2 9 6 D D
9 5 6 5 L R
8 5 7 7 D A
4 4 2 9 7 A
8 1 1 2 5 R R
5 5 5 1 5 9 9 A
5 1 4 3 3 D
5 3 9 3 H S
1 9 2 5 1 L S
4 4 3 5 3 S K
4 4 2 5 0 S
4 7 5 5 6 H S
6 6 9 5 5 A
2 8 2 3 8 H
5 8 5 7 5 S A
5 6 3 0 8 A A
3 7 5 6 9 M M
7 1 1 5 B Y
5 3 0 4 2 R
1 7 6 5 9 B S
6 6 3 0 7 R
9 6 7 4 4 D Y
2 3 8 9 B D
8 8 7 6 9 A
2 2 3 B
2 2 2 2 3
8 8 7 4 9 S
1 5 5 6 5 D S
6 5 3 5 5 B
3 5 3 8 2 S
8 0 0 6 Y
5 5 3 9 9 Y
6 5 5 2 3 B R
4 4 2 8 A
4 1 9 4 9 R
9 4 4 5 5 B B
3 6 3 8 7 B B
8 9 9 3 7 B B
5 4 4 3 0 B S
6 6 6 3 0 Y
7 8 8 3 5 B M
5 5 3 5 S S
9 4 5 7 9 S
2 9 7 2 8 S S
2 2 2 5 H R
3 3 7 5 D R
8 8 5 3 8 B
8 8 0 4 7 B
5 5 7 6 8 D B
7 8 2 7 6 H
4 2 9 4 1 A A
5 5 7 0 A D
6 5 0 7 2 H B
8 8 3 4 D H
5 3 8 4 8 A
3 8 5 0 H H