9 D
3 0 7 7 Y
3 5 5 4 W S
3 1 6 1 T
2 6 0 0 T S
5 5 5 0 W
2 6 6 5 H S
5 7 6 9
3 5 1 S D
3 5 5 5 D
4 5 5 H K
2 5 5 0 D K
2 6 5 7 7 Y A
8 5 5 5 Y
0 2 5 T T
1 1 1 H
3 8 1 4 4 H S
7 5 5 5 D Y
5 5 4 5 Y S
5 0 5 9 W H
3 3 5 4 H S
6 5 5 0 8 H
7 8 5 W
5 5 5 H R
9
5 4 6 0 W M
5 4 1 1 Y
4 5 5 5 D S
4 5 5 7 1 D D
2 4 2 5 H
2 5 0 7 B M
6 2 1 L
9 9 8 5 D S
7 5 7 5 W S
3 5 5 0 4 Y S
4 4 2 5 T Y
3 1 4 7 7 Y M
8 5 1 5 H
2 5 5 L
3 5 5 5 Y S
5 5 2 5 5 T T
5 S S
9
8 6 5 4 1 Y Y
2 8 1 5 4 Y Y
3 3 0 0 H S
0 0 0 7 Y
7 7 5 1 T S
4 5 5 5 T
5 2 5 W K
4 0 2 6 W
7 5 0 9 4 A Y
6 4 5 0 T
2 5 5 5 S
7 7 5 5 0 H S
6 6 5 5 D Y
5 6 5 5 H W
5 5 8 5 T H
6 4 7 2 2 H M
5 5 5 0 0 D S
7 9 1 T T
0 8 8 4 4 Y S
6 4 5 5 0 M M
6 6 5 2 T
7 8 0 8 0 M M
2
5 5 5 0 W
5 5 6 5 0 D A
3 5 5 5 H
2 1 5 6 D
5 8 8 5 Y H
7 7 1 6 5 D S
5 8 9 1 A W
6 2 2 5 H
6 2 5 8 H
6 5 5 5 D
9 Y H
4 3 9 4 W
3 8 2 4 D B
9 5 5 6 0 D S
5 8 5 0 H W
4 4 4 5 T Y
7 8 8 1 Y
8 0 4 4 T
5 8 5 1 M H
1 6 5 0 Y H
6 5 5 4 B S
8 6 4 5 T
2 5 S
5 7 7 0 D Y
5 5 5 0 T
4
5 4 0 0 D W
5 2 5 5 T D
5 5 5 0 D A
1 2 4 1 M M
2 8 5 5 0 D S
5 7 8 0 D S
1 7 7 4 Y S
2 2 3 1 Y H
6 1 4 0 D
2 4 0 0 D M
1 5 3 1 H
5 5 5 M
7 5 5 L S
5 5 0 0 T T
6 5 2 5 B
5 6 5 6 D
4 1 7 5 6 H T
7 8 1 0 T W
5 5 1 7 Y Y
4 4 7 0 0 S A
5 9 0 5 0 M
5 5 4 H
5 2 2 5 6 H
4 5 4 4 5 D Y
3 5 7 H
5 5 5 Y S
3 5 6 4 H S
5 5 5 0 0 D S
5 9 4 0 0 M
7 4 2 5 T
2 3 3 Y S
4 4 8 6 D
2 1 2 5 Y A
6 9 5 5 D
2 2 5 5 6 D S
4 5 0 S Y
3 0 0 4 H T
4 4 5 5 0 D T
4 4 5 5 0 D T
4 5 5 2 Y S
4 1 4 1 T
2 2 6 6 5 Y S
8 1 5 8 4 A
2 0 7 8 8 S S
5 5 5 2 B
4 5 6 5 5 T S
5 5 8 5 5 W L
3 5 0 0 D S
5 0 7 5 5 H M

5 5 8 0 Y A
4 6 6 6 5 D S
5 5 7 9 M W
5 1 8 2 Y A
5 4 6 5 S S
5 7 6 5 S A
8 8 1 5 5 S S
3 5 8 8 8 T S
6 6 4 2 5 S S
9 2 5 4 H
3 9 5 5 T W
5 5 9 5 M S
5 5 8 5 T S
5 5 7 9 7 T Y
1 5 5 5 W A
4 5 Y M
3 6 4 1 5 D S
5 5 2 7 5 D S
6 5 7 4 1 H W
5 5 8 9 Y S
4 0 5 9 W M
4 6 5 1 2 H
4 4 2 2 0 M M
1 1 4 4 6 D Y
5 5 0 0 Y
2 5 0 4 S
5 8 5 6 M
4 5 5 7 Y W
5 4 3 5 H S
5 5 5 H D
5 5 5 8 H W
4 5 6 0 8 W
3 5 2 0 T
7 4 9 0 W A

4 5 4 0 D A
5 5 5 0 W S
5 5 4 4 4 B S
3 1 7 9 D W
2 2 7 0 W
5 4 9 H S
8 8 0 7 Y B
4 6 5 7 H S
4 4 7 4 4 H
5 9 7 7 D
5 5 5 0 Y
1 7 9 5 W
1 1 5 4 5 T K
4 5 2 0 D S
3 5 5 4 5 Y M
5 S
1 5 4 8 0 D S
3 0 1 8 8 M S
3 5 1 4 M Y
4 4 8 4 H Y
8 5 7 5 H
1 5 5 5 S S
8 9 7 0 0 D
5 0 0 4 Y
4 1 4 Y T
2 4 9 6 B
4 5 6 5 W
5 7 5 Y
8 4 8 7 4 H S
4 0 0 1 H B
8 1 2 4 H S
8 2 5 7 T T
4 4 5 9 7 M M
5 3 2 0 W W
5 1 5 5 K S
2 1 9 4 H
2 5 0 0 H S
5 5 4 4 S S
7 5 5 Y S
4 2 1 H B
9 4 L S
3 8 5 4 4 L
3 5 5 0 0 T
1 Y T
7 5 5 8 B H
6 8 5 5 D M
7 3 7 4 W
5 7 5 5 D A
1 5 9 7 Y
2 2 2 1 2 8 S S
9 7 1 9 D S
9 D T
5 5 1 0 T T
4 1 0 8 D K
3 8 5 1 T
4 2 1 0 7 Y S
7 5 5 5 T
4 D D
9 D T
5 5 7 7 1 H S
5 0 0 0 Y S
2 9 9 0 5 H S
2 4 4 5 5 Y S
3
5 0 8 2 4 R
4 9 7 6 H
5 0 9 0 L
7 1 5 2 7 Y
8 5 5 5 D T
4 5 5 0 D
7 1 0 5 D A
5 5 1 7 5 T
4 4 0 0 H
7 0 0 B H
8 4 2 7 T S
1 8 5 7 7 Y S
4 5 5 5 H
3 9 1 H S
5 5 4 0 2 M
4 9 5 0 D M
4 8 5 8 A S
3 5 4 7 7 Y A
2 5 7 8 6 L
5 5 Y
4 5 8 5 D M
5 5 S L
4 5 5 5 D M
9 2 0 0 A S
5 5 Y H
3 0 1 1 D
1 5 5 9 M
2 4 9 5 T Y
4 5 5 0 L Y
9 8 6 5 D S
4 6 0 W
1 5 5 0 T
4 3 3 0 D
8 5 Y D
6 2 9 5 1 Y S
1 5 4 6 H S
4 8 0 7 0 H
4 2 9 D S
8 4 5 9 Y
5 5 5 S D
5 8 3 2 7 T
9 8 4 0 Y
4 0 0 M W
3 3 7 5 6 L W
8 9 0 9 B
4 5 4 4 D W
5 4 5 5 T
4 1 5 5 5 D
5 4 0 S W
1 5 1 B
5 8 6 4 R S
8 8 2 5 6 D S
5 9 5 6 D S
2 7 0 0 D
1 4 5 1 1 B
7 6 2 5 6 D
2 0 0 0 Y M
1 5 8 4 4 Y S
4 5 5 5 M
5 9 8 7 5 B
4 5 5 5 6 H S
4 5 5 6 H T
6 5 5 4 H Y
5 3 6 1 7 T S
2 5 1 5 Y S
7 8 1 7 Y
5 2 7 4 H S
4 5 8 1 5 M W
2 5 3 5 L A
8 5 5 5 S S
1 5 7 4 H L
4 4 4 8 6 D W
4 4 0 5 S
4 2 0 0 W S
5 0 4 S K
5 5 8 0 W
4 5 H D
6 6 6 5 H Y
7 3 2 2 S
5 7 5 0 H Y
5 8 2 5 D S
5 6 6 7 H Y
2 8 8 1 D S
1 5 4 8 D S
4 4 5 9 6 T T
5 5 5 4 4 H L
8 8 6 0 B M
5 1 5 D Y
4 0 5 4 0 Y H
4 5 9 2 Y
5 5 7 Y
2 5 8 2 Y Y
4 5 4 4 Y
7 1 5 Y A
7 4 4 9 9 B S
2 8 0 0 Y Y
5 5 4 W
5 6 1 5 W
9 3 8 5 H M
5 5 7 4 4 K S
3 0 5 0 L S
4 5 5 7 5 Y
5 4 2 5 T
5 5 7 5 6 H S
6 2 8 6 T T
6 6 6 D H
5 0 1 0 T S
2 0 4 5 S S
5 8 8 8 0 Y S
8 5 3 3 S
5 0 5 4 D
3 1 1 T
3 8 5 0 T S
1 4 9 0 D Y
1 6 0 2 B S
4 7 5 0 D B
5 5 2 0 D T
4 3 5 4 W
4
5 5 2 5 4 H
9 0 6 4 B D
5 5 0 H
3 3 5 1 Y
2 0 0 4 Y A
6 7 1 4 B
7 5 4 6 T S
3
3 1 5 7 5 D
9 4 4 0 D S
4 9 7 7 L
5 5 5 0 6 H S
6 6 5 5 D Y
3 5 5 1 H D
4 5 7 5 T W
8 5 0 4 M D
4 8 4 4 L W
7 1 5 5 5 Y
6 7 7 8 D S
1 5 4 5 S
2 4 5 0 T W
6 1 8 7 H S
5 5 4 5 5 Y S
7 1 1 7 T T
5 5 4 7 W
7 5 7 5 D S
5 5 H
5 5 3 5 Y
5 9 2 9 9 W
3 4 2 7 T
5 6 1 8 Y
4 2 3 4 R W
2 6 0 0 Y H
2 8 3 5 5 W Y
4 5 4 H D
3 6 0 0 0 D
6 0 0 0 H H
5 5 4 5 8 A A
3 5 2 0 5 Y
8 5 2 0 5 Y M
5 9 1 0 D D
5 5 1 1 H W
6 5 5 1 7 Y
7
3
4 6 7 0 0 Y
4 5 7 7 Y A
7 8 2 7 5 D L
8 6 5 5 L W
4 4 4 9 9 T S
1 5 5 7 4 Y
4 7 1 0 D
3 5 4 4 Y
9 D
5 5 0 W Y
7 5 7 5 Y
9 0 6 2 T T
5 5 4 4 Y D
5 9 4 D S
5 5 7 7 6 T S
5 6 7 6 D S
6 9 9 9 A S
4 4 8 8 2 M Y
2 4 8 5 L A
5 1 8 5 D T
5 5 7 4 5 H S
7 5 4 1 0 D B
5 4 6 4 H K
3 D S
4 0 7 5 S
5 4 4 5 7 R
5 5 4 6 D
4 6 5 0 Y
4 4 5 0 H S
7 2 1 5 M S
4 5 8 0 D A
1 4 0 0 T S
2 5 0 4 L S
9 1 6 5 M
3 5 5 9 Y H
5 6 6 0 6 D
1 6 5 2 Y Y
2 5 0 2 H
7 Y L
2 2 9 5 T
9 6 5 5 T S
5 5 7 7 S S
4 4 9 Y
8 8 6 5 5 T S
5 6 5 5 Y S
4 4 5 5 H W
5 1 1 0 H
5 5 5 H T
4 4 4 6 0 T
4 4 5 0 D
4 5 5 5 D S
6 6 0 5 5 B A
2 8 2 8 B W
1 8 7 5 Y A
3 5 5 5 6 A S
5 7 5 5 6 Y M
7 1 0 T T
5 5 0 4 Y S
7 5 5 0 8 B B
8 6 5 7 Y S
5 5 7 4 4 D Y
2 5 5 1 T
5 8 6 1 5 D
4
2 2 2 1 S
5 9 7 5 5 B M
4 3 5 0 0 D Y
5 5 2 5 5 B S
5 5 5 0 7 Y S
3 0 0 Y
5 5 5 9 W Y
5 5 5 4 1 Y
4 4 2 8 T A
4 9 4 9 R
9 4 5 5 6 D S
5 6 8 8 Y S
5 5 4 0 T T
5 4 4 0 D S
5 6 6 5 5 D Y
7 5 5 5 6 M
3 5 5 5 T
4 5 5 5 Y Y
2 5 1 8 8 T
1 Y T
4 5 5 0 H S
8 5 5 8 S S
8 0 1 1 D
5 7 8 6 H M
7 8 2 7 5 D L
4 2 1 4 H
6 5 8 7 1 M M
5 0 7 4 Y S
3 5 5 4 4 H W
5 5 6 4 6 D S
5 8 0 W