4
5 1 7 2 L
1 4 4 4 L
4 7 4 4 T
4 6 7 0 B B
5
4 2 6 0 6 Y D
5 7 6 5 Y
4 5 7 5 5 Y M
4 4 5 7 5 Y
4 4 5 5 H H
4 4 5 L S
2 6 7 7 7 A A
4 5 7 0 L
9 9 4 4 D R
1 4 7 5 5 L
4 8 1 9 L B
7 7 3 5 Y
5 5 3 2 L D
1 5 0 5 9 Y
4 1 5 9 Y M
4 4 4 5 2 Y
1 5 1 L
4
4 Y S
4 4 4 6 4 T
5 5 7 1 Y T
4 2 6 4 5 B B
4 5 7 1 D Y
4 7 7 2 H
2 5 2 2 K M
4 2 2 2
5 4 4 2 8 D B
7 4 5 7 5 4 S S
4 1 5 5 4 Y D
4 4 5 7 2 L R
7 5 7 7 L M
4 4 4 1 5 Y
7 3 5 D
5 2 5 7 H M
4 4 3 2 8 L R
4
5
4 6 0 5 2 L Y
7 4 1 5 4
4 4 4 2 L
4 8 0 1 2 Y S
7 7 5 7 A
4 4 5 3 Y T
5 0 2 4 Y R
4 4 4 1 1 H
4 4 9 0 2 A
4 4 2 7 D
4 5 7 5 Y M
7 5 3 L M
1 1 6 6 5 Y Y
5 4 5 9 Y W
4 5 5 5 2 B M
4 4 7 7 Y Y
4 9 7 8 0 Y R
7 2 L B
5 5 4 5 4 Y
4 1 4 5 L M
4 6 6 5 2 Y
7 8 0 5 5 M M
4 4 4 3 L
5 3 5 5 Y
5 4 5 5 B A
4 9 5 5 Y
4 7 5 6 Y
5 8 8 7 Y M
4 7 7 5 2 L B
4 1 4 7 A
4 4 4 2 5 H
4 4 4 2 5 H
4 5 5 5 L
1 H A
4 1 0 9 2 Y A
4 8 8 2 L B
9 4 5 6 W B
9 9 5 0 H H
1 5 9 2 L T
1 7 8 7 7 Y Y
4 8 0 2 L D
1 4 8 1 L H
7 7 5 2 Y
4 6 5 5 5 B B
4 0 4 2 L
7 5 2 Y T
5 7 2 2 D
1 5 5 6 D
4 4 1 5 Y T
4 1 5 5 Y
5 7 2 6 Y D
4 5 6 5 0 H A
1 1 7 5 2 Y A
2 1 5 0 D A
5 7 9 8 Y B
4 1 2 2 5 A M
4 2 2 7 Y
4 1 2 7 2 Y
1 4 2 H A
1 3 1 7
1 5 1 Y
4 7 7 L
1 7 5 0 L Y
6 9 2 9 D A
1 5 5 5 6 W
4 4 7 7 6 Y B
6 4 5 2 L M
5 5 0 2 Y D
4 4 4 0 0 A A
7 5 9 5 Y
4 4 5 5 L
4 1 2 2 D
5 2 7 2 Y T
4 4 5 7 0 W
4 5 7 5 5 Y M
1 1 6 4 4 Y B
4 4 5 5 6 Y R
4 5 4 6 Y
4 4 4 5 2 Y
4 4 4 L
4 4 4 5 2 L
2 1 7 2 5 Y
4 3 5 5 Y T
4 2 0 5 4 Y B
4 4 4 2 2 L M
4 4 1 4 4 A S
4 7 4 7 9 H
4 7 4 7 9 H
7 5 7 2 H
5 4
4 2 2 5 2 A A
6 6 1 9 3 A
4 2 7 7 2 Y S
5 7 6 7 2 A
4 5 3 3 Y M
4 5 3 5 5 Y
5 4 4 2 L M
8 0 7 6 1 M M
7
5 5 8 7 A M
4 2 5 4 Y D
6 1 7 7 Y
6 1 8 2 Y A
4 4 4 5 Y S
5 7 4 5 A
4 0 2 9 Y S
4 7 5 5 8 T B
4 4 7 2 2 D B
4 7 7 7 L
1 5 7 5 5 L
9 0 5 5 Y
5 7 5 D D
4 5 7 7 2 T D
1 5 5 2 Y
4 4 4 7 2 Y A
1 6 7 7 L D
4 5 5 7 2 S T
4 1 7 2 L T
5 7 8 2 M Y
4 4 0 7 7 Y M
4 4 5 2 A M
9 4 3 2 2 H Y
1 1 4 7 Y Y
1 4 5 0 Y
4 0 4 4 4 B
4 8 8 3 5 L A
4 5 0 2 Y
1 1 3 5 D
1 5 7 5 2 L T
9 5 5 5 Y M
4 4 5 5 6 D Y
4 5 4 3 L M
4 7 4 0 2 A A
4
9 4 0 4 L
5 2 2 1 L T
5 7 4 4 4 S D
1 5 7 9 D
1 2 7 0 Y Y
5 4 2 L
5 5 1 7 2 Y M
4 4 6 5 2 H R
4 4 7 4 Y B
4 4 7 2 2 Y B
1 2 2 L
1 7 7 5 L
1 7 9 7 5 Y Y
4 4 1
1 7 7 5 4 Y A
4 4 5 L
1 1 5 8 B S
0 9 1 1 2 B B
9 3 1 4 M Y
4 4 5 2 M Y
6 2 7 5 T
9 5 9 3 S
4 5 7 0 5 L
7 8 0 7 2 Y T
4 4 2 4 H T
5 8 3
4 0 5 3 M M
5 7 7 5 Y Y
7 4 3 4 D
4 4 4 1 L B
5 5 1 2 A D
4 2 5 7 H D
4 7 0 2 Y M
1 5 3 7 5 M A
4 4 8 5 5 H
4 1 5 7 H
4 2 1 L B
4 6 6 4 5 M M
2 3 5 Y A
4 5 7 2 2 Y T
4 4 9 2
1 8 2 2 Y
5 4 4 5 5 D
4 7 5 L M
5 7 5 5 5 L M
5 3 1 5 8 A A
7 3 7 4 Y
4 5 7 7 0 S A
4 1 9 7 A
2 2 7 2 2 Y B
4 7 7 9 2 Y A
1
5 5 1 5 Y
4 4 4 8 8 H
7 7 6 5 L
4 4 7 1 7 Y
7 5 5 H
5
4 9 9 T Y
4 8 7 2 L R
4 5 2 0 2 A R
1 3 7 Y D
1 4 4 4 7 A
1 1 2 4 M B
4 5 5 9 9 A T
4 4 7 7 3 L H
4 4 9 7 L
7 7 5 2 4 T B
1 5 6 5 R D
4 5 3 3 Y
4 1 0 0 T M
5 1 7 5 L B
4 4 3 7 L B
1
8 4 2 2 L B
2 3 7 2 2 Y B
4 5 5 L D
4 5 2 L S
5 4 2 0 Y
4 5 1 2 Y Y
5 4 8 0 5 A A
4 9 4 7 9 A B
2 8 7 7 5 D B
5 1 L
4 7 5 6 Y M
4 4 4 5 L 5
1 5 5 5 1 Y A
4 7 0 1 D R
5 7 1 1 L T
4 9 1 0 L Y
4 4 6 7 3 M M
5 7 5 2 S
4 4 5 2 L S
4 7 8 5 Y S
4 4 4 2 L Y
1 7 7 5 L Y
1 3 Y
1 5 5 7 Y Y
4 3 2 2 8 Y B
1 1 2 2 T B
4 4 8 1 2 L Y
4 4 4 2 2 L Y
8 4 7 Y Y
4 4 0 2 5 Y A
4 5 3 2 2 Y B
4 7 2 4 0 Y
4 7 0 0 A M
4 5 7 2 6 Y M
4 4 2 4 2 B
4 4 8 6 5 L
5 4 3 5 L S
4
0 5 7 5 L Y
1 1 1 L T
4 5 8 6 6 A B
9 1 2 6 W B
4 6 9 1 5 D
4 7 4 L
1 6 5 5 1 L M
4 4 6 2 6 W R
4 2 2 0 6 Y Y
1 1 1 5 4 Y B
4 4 3 8 T M
5 1 7 2 B
4 4 6 5 Y H
4 5 5 6 5 Y
5 0 0 4 L M
4 5 5 6 7 Y D
7 7 5 2 Y R
7 8 1 7 Y Y
4 1 7 4 B D
4 3 9 1 L M
4 3 9 9 0 Y A
4 4 5 5 9 H S
4 2 7 4 Y T
9 7 4 6 6 Y Y
4 4 2 4 L
4 4 4 2 2 Y M
4 K S S
1 5 0 0 T A
4 4 5 L M
6 6 6 H Y
4 4 4
4 5 7 5 8 Y Y
4 5 8 7 S S
4 4 7 2 4 Y Y
4 1 8 3 8 M
4 7 5 2 8 D B
4 4 3 7 6 Y R
4
4 5 5 5 L M
7 4 2 5 S Y
1 4 2 9 5 Y H
4 0 7 5 2
4 1 7 L T
2 9 3 3 Y
4 4 9 4 Y
4 7 3 2 L M
7 7 4 4 1 D B
4 1 5 7 0 Y Y
5 5 5 9 Y
1 4 6 5 2 Y
8 7 7 8 A Y
5 5 7 7 4 B D
4 4 9 7 0 Y S
4 9 5 7 5 Y
4 5 4 2 0 T T
5 5 5 7 6 L R
6 7 8 T Y
1 5 6 6 D H
5 3 3 2 H T
4 5 7 4 4 T S
8 8 3 3 5 L D
8 8 5 3 3 Y S
4 4 9 7 Y
4 1 7 7 2 D D
1 1 8 5 L S
1 4 7 0 D Y
4 7 5 0 2 B B
4 1 5 7 6 L B
4 4 2 2 Y B
4 4 5 4 L Y
4 4 4 L S
5 5 5 2 5 H
1 7 5 7 6 D D
5 1 5 2 L
5 7 5 5 Y
5 4 4 4 Y Y
4 7 2 2 H
7 7 4 6 6 H B
5
4 1 7 2 8 Y
4 9 9 4 L B
4 1 7 2 L
8 8 2 1 5 D B
4 3 6 9 5 A Y
5 7 5 7 Y A
7 4 5 2 5 B M
4 9 9 0 7 Y D
4 8 8 4 1 L
7 7 5 5 Y
4 7 2 B R
1 1 7 4 A
4 4 2 5 Y M
6 1 8 5 7 H S
4 5 2 5 5 W
1 7 1 2 D D
4 2 7 2 Y
4 5 7 5 2 S S
4 5 1 1 L T
4 4 5 2 5 Y T
5 8 3 2 7 Y T
4 4 2 2 2 Y A
4 9 1 7 2 Y Y
4 2 3 2 K M
4 9 4 2 2 Y H
6 2 3 5 5 Y
4 5 7 3 H M
4 9 6 2 L Y
7 0 0 M M
4 5 8 4 5 A
6 5 2 2 7
8 5 2 2 Y M
1 7 5 S S
5 4 4 4 5 D S
4 5 8 2 Y H
1 5 1 7 Y
1 4 7 L T
4 4 5 2 6 D A
4 6 7 2 2 H A
4 7 8 2 7 Y H
4 5 7 5 5 A
4 4 7 9 Y
1 1 3 7 Y S
4 4 7 7 Y A
4 5 1 2 L
1 1 1 L
5
4 7 7 5 L S
4 1 0 6 Y B
4 5 3 2 2 Y D
1
4 5 7 2 S B
4 5 7 6 Y A
4 4 4 2 4 A
4 4 8 2 2 H Y
4 4 2 5 L
5 1 3 5 L B
5 5 5 7 4 W
4 2 5 5 Y T
5 4 6 1 4 B B
1 1 1 7 H
1 1 1 5 L B
5 1 5 7 5 Y
5 7 4 6 T
4 4 0 7 0 Y R
4 4 4 2 0 L D
7 2 4 4 M D
4 4 5 8 1 L
1 1 4 9 L Y
2 2 0 4 Y R
4 7 1 6 5 L S
4 5 5 7 7 Y D
4 5 5 6 0 Y R
7 6 7 2 Y H
4 4 6 4 2 M
5 7 7 L
1 2 5 L
4 4 6 5 7 D R
4 5 7 2 D
4 4 4 9 Y
4 8 4 7 5 T T
1 5 6 5 5 Y A
1 4 3 H
4 1 0 L T
4 5 4 5 L M
7 4 4 6 5 T T
4 4 4 1 5 L S
4 7 5 5 6 T S
4 6 6 9 5 W A
2 8 2 1 5 B
1 8 5 7 2 T A
4 5 6 0 0 A A
5 7 5 9 Y M
7 1 1 5 T R
4 3 0 4 A R
1 7 5 5 B B
6 6 3 0 2 B
7 6 7 6 D
1 7 5 3 Y T
4 8 5 5 2 Y A
4 1 4 2 T
2 2 7 2 1 Y Y
4 5 7 9 Y M
4 4 5 1 L
6 5 2 5 8 T
4 4 5 7 2 Y S
4 4 4 0 0 Y Y
1 5 6 9 Y Y
4 5 5 2 2 Y
4 4 2 2 T
4 4 1 4 9 T
4 7 4 5 5 W R
5 6 7 8 R B
5 4 1 1 L B
5 1 1 0 Y S
4 6 6 5 7 D Y
4 7 3 5 D A
5 5 5 7 S T
4 1 0 7 Y Y
4 7 7 2 8 S S
4 7 5 L M
4 1 4 4 L B
4 8 5 8 5 Y
4 4 3 7 Y T
5 5 7 6 8 D
4 7 8 2 7 Y H
4 2 2 L T
4 8 3 3 L D
6 0 2 2 Y B
4 8 5 4 L A
4 4 5 4 3 S A
5 5 5 L H