5 4 6 2 2 B T
1 0 2 2 2 L A
4 2 6 4 1 L A
7 7 0 5 5 D A
1 6 9 0 0 B B
5 5 9 9 8 B Y
2 6 6 0 6 D L
5 7 7 6 0 Y Y
1 9 1 1 5 L A
5 5 7 5 D D
4 5 8 0 L H
2 2 8 5 A B
2 6 9 7 0 A L
5 5 5 1 1 D T
8 0 0 2 0 B D
9 9 4 7 4 T Y
8 8 1 4 5 D B
7 5 2 8 1 L D
5 3 4 4 2 D D
5 0 5 5 7 D
2 0 5 7 5 T T
6 6 5 2 8 B B
9 0 0 1 L H
1 3 5 8 B B
1 1 0 5 2 D D
4 4 9 6 4 H L
5 6 6 1 0 D H
4 2 6 4 8 R
6 7 5 7 1 L M
4 4 2 4 7 H L
2 5 5 0 R H
6 2 2 1 2 S A
7 9 8 0 1 L B
7 5 7 5 0 D L
6 6 0 6 0 L B
4 5 2 2 5 D R
6 7 7 7 2 Y W
7 4 4 1 5 L
2 8 8 5 0 D A
7 5 5 2 7 B M
9 3 3 1 8 H
5 5 1 4 5 L B
7 5 5 5 1 L B
6 0 5 5 1 Y
2 8 1 5 5 L Y
4 5 5 6 9 D D
8 8 8 0 7 D S
7 7 5 5 7 L D
6 5 5 8 1 D H
5 0 2 2 4 H L
2 2 6 1 6 H L
7 5 0 0 9 D Y
6 4 4 2 0 D
9 9 9 5 1 A L
7 7 8 5 5 L L
1 6 5 0 5 D M
5 6 3 0 5 K W
5 0 0 8 2 B A
5 5 7 0 0 D H
5 7 8 0 0 D B
7 9 9 1 1 A B
5 3 8 8 2 D D
6 1 4 5 6 M
6 6 6 0 2 R B
7 8 0 0 8 B
3 3 8 0 4 B B
1 4 0 0 5 L S
5 5 6 5 0 R A
1 9 5 5 5 S B
2 1 8 6 6 D A
5 8 8 1 9 T H
7 2 1 4 5 L B
8 7 9 2 A L
2 8 2 1 8 H L
2 8 2 1 8 H L
6 6 0 5 5 L L
1 5 1 5 3 L L
4 1 1 0 4 A A
5 1 8 8 4 B B
9 8 5 5 6 D B
8 5 5 1 1 L Y
5 4 4 1 1 T Y
7 8 8 8 7 D L
8 8 0 4 7 D D
8 8 8 1 5 L H
7 6 6 0 2 H H
6 5 0 7 4 B B
1 1 6 2 5 R L
2 5 5 2 2 K R
5 7 7 2 6 L A
6 5 5 5 6 D B
4 1 5 0 6 L B
7 8 9 4 0 D H
5 7 7 8 6 D D
8 6 5 0 8 A A
1 2 8 8 1 D A
2 8 5 1 9 D B
9 7 7 8 0 D B
1 7 7 7 5 L W
2 2 2 1 7 L H
6 2 1 4 9 Y
1 4 9 0 1 D H
4 3 3 1 5 L
6 0 1 4 1 Y
7 1 7 1 5 L M
7 5 5 0 0 D M
5 9 2 0 0 D A
5 6 5 5 4 L
4 9 7 5 5 D B
7 8 1 1 R W
5 0 0 0 7 D B
4 7 4 0 0 A A
5 9 0 0 5 D A
7 4 5 4 4 B H
1 2 2 0 6 D L
5 5 8 8 2 L H
7 7 5 0 1 H L
7 7 5 1 4 T D
1 5 6 4 4 H
6 5 5 5 6 D B
5 9 9 4 6 D Y
7 4 4 2 7 D R
2 1 1 3 R
4 4 8 1 6 L R
2 0 2 2 5 D A
6 2 2 5 5 K A
2 0 0 5 6 D
6 2 5 6 7 L M
6 0 8 8 4 A S
4 0 0 9 6 B B
4 0 0 9 6 B B
1 5 1 1 2 D D
7 1 1 9 1 Y T
1 2 2 6 0 D S
6 1 0 0 2 A L
2 9 7 2 8 S
5 7 6 3 2 A A
6 1 6 6 B S
5 1 1 8 5 H H
5 7 4 5 1 T B
8 0 7 7 1 L
5 5 1 1 5 T T
5 5 8 0 7 L L
9 5 6 6 4 B B
6 0 7 0 0 L M
6 0 0 5 2 L A
5 4 6 6 5 T B
5 7 4 6 5 A A
8 8 1 1 9 R S
5 8 8 7 8 B B
6 7 4 4 2 R B
2 2 2 2 4 D R
5 0 5 5 1 L W
7 0 8 0 5 T A
5 7 7 8 6 D D
5 7 7 2 2 D Y
1 5 5 5 0 D
5 4 7 7 7 H A
6 4 7 7 7 D B
5 5 5 2 1 K B
7 0 9 1 1 D Y
5 2 8 1 2 T W
4 0 2 2 0 T H
4 6 7 1 2 H
4 8 9 2 1 H
1 1 4 4 7 R Y
1 5 5 0 0 D
7 0 6 4 B B
8 8 8 8 6 L A
6 5 0 0 7 D S
4 1 0 3 5 D B
5 9 5 5 5 D D
5 5 5 5 8 R
5 5 3 6 6 L Y
5 0 0 5 5 T S
7 4 9 0 0 D A
5 5 7 1 L H
4 8 9 4 0 A A
5 7 2 7 1 L B
5 5 4 4 4 B B
6 0 7 0 0 L M
2 7 7 0 0 D Y
3 4 4 2 1 D R
8 8 8 7 2 B B
1 6 5 5 H R
7 7 7 4 5 D S
5 7 9 9 2 S B
7 7 5 5 9 D A
1 7 9 5 5 L B
1 9 3 4 5 R
1 1 2 1 4 L
2 0 1 5 4 D A
1 9 5 5 1 T T
1 8 4 4 8 D S
7 1 1 1 8 B B
9 3 1 4 4 M Y
4 7 8 8 2 H Y
5 2 7 7 8 H S
1 1 0 0 0 D B
8 9 7 7 1 L
5 0 0 4 2 L
1 1 1 4 1 L T
2 6 5 2 2 D L
4 0 6 3 1 L W
5 9 7 3 Y
5 8 3 5 4 L B
2 5 0 1 1 B B
8 1 1 1 2 L B
8 2 5 5 7 L D
4 7 0 2 7 M
8 3 2 1 5 M M
6 0 5 5 8 R A
7 8 7 7 4 L A
2 2 5 5 1 D B
6 6 4 4 5 L A
1 7 7 5 7 D B
5 2 7 6 2 D D
9 4 4 2 2 L B
8 1 1 2 2 L D
7 0 5 8 0 L L
7 4 4 5 L A
7 9 5 5 8 R M
5 8 0 0 5 R A
7 5 7 4 4 H A
3 7 9 0 5 A A
1 8 3 7 7 D D
2 2 2 1 2 B B
9 7 0 0 9 D B
1 5 0 Y Y
5 5 1 1 6 D W
4 7 1 6 8 H L
1 8 6 7 1 B L
2 2 1 0 7 T L
7 5 5 5 6 D S
5 5 4 4 T A
6 5 5 1 1 L A
8 9 7 7 5 D R
5 9 0 0 2 D B
1 9 0 0 8 R D
2 6 6 4 5 L D
7 1 9 4 4 A T
8 5 3 3 2 D R
4 9 7 7 6 L H
5 0 9 0 1 L L
7 0 1 5 2 T
8 0 0 5 5 B T
4 3 5 9 5 D H
7 0 0 0 5 D
5 1 1 7 5 L
4 4 7 0 1 L B
1 9 9 1 8 B H
8 4 2 2 7 B B
1 8 7 7 7 D B
7 5 5 4 4 T H
5 4 4 1 1 D A
5 8 2 0 2 M L
1 4 5 1 9 D W
5 8 0 5 8 A A
9 9 4 4 0 A A
2 8 7 7 6 D B
3 5 1 H H
4 2 8 8 6 D W
1 5 1 4 4 L A
1 7 1 6 1 D R
9 2 0 0 B R
9 0 0 1 H D
9 4 4 1 0 R A
7 6 7 3 0 M
7 6 2 2 8 L Y
7 5 5 0 1 L A
9 8 6 5 5 D S
4 0 0 8 M
9 8 0 0 D D
8 8 8 0 0 D A
8 0 5 7 3 B Y
6 2 2 2 8 B B
1 7 7 1 L D
7 8 1 7 5 Y L
2 1 2 9 D D
8 4 4 5 0 Y H
1 0 2 5 5 T A
7 8 8 8 7 D D
9 8 4 0 0 D A
4 9 0 0 A W
3 7 7 7 0 R W
7 9 9 1 9 B L
4 8 8 4 6 L W
5 4 4 1 S S
2 4 4 6 7 D S
6 7 0 0 1 L A
1 1 5 1 1 L S
5 8 6 8 4 B B
8 1 0 1 0 D B
4 9 1 6 5 D
2 7 7 6 0 S B
7 5 5 5 1 L T
7 6 2 2 1 D R
2 2 0 6 0 D L
1 1 8 1 1 A B
4 0 8 8 Y
5 9 9 8 7 D H
2 5 6 0 9 D H
5 5 5 0 6 D D
5 0 0 0 4 H L
5 5 6 6 1 L B
2 5 1 1 1 D R
7 8 1 7 5 Y Y
8 1 7 D D
4 5 9 9 5 L M
1 9 5 5 0 Y A
6 5 9 5 5 D S
1 2 7 7 4 D H
7 4 4 0 6 Y Y
6 2 5 8 5 R L
8 2 2 5 8 R B
6 8 4 5 R B
9 8 8 0 4 H A
7 4 5 1 1 H T
6 6 6 H Y
7 3 7 0 2 B
8 7 5 8 0 Y
5 8 2 2 S S
5 7 6 2 2 H Y
1 8 3 8 1 B
7 5 4 9 8 B B
4 7 0 0 6 D H
1 5 5 0 0 L L
8 8 8 6 9 B L
5 4 1 1 5 K Y
5 5 5 4 0 T H
6 0 8 2 7 T Y
6 7 7 3 1 L D
2 9 9 8 2 L Y
2 5 1 7 0 Y L
7 1 3 3 7 D M
4 4 4 9 0 B B
1 8 9 0 0 Y
5 5 7 1 Y
8 6 1 1 5 T
8 7 8 1 8 M
5 0 7 7 4 R B
3 5 5 0 1 L S
9 5 5 7 8 D Y
5 4 2 1 5 T D
5 5 7 0 0 D B
6 2 8 1 6 R Y
6 6 6 6 D Y
8 0 0 9 2 D D
5 0 2 5 5 S S
8 8 8 8 5 L B
8 5 6 3 3 S
5 9 5 4 3 D L
5 7 7 0 3 D R
1 8 5 1 6 D S
1 4 9 0 0 D Y
3 5 0 2 2 B B
7 7 3 8 0 D B
5 5 2 1 8 D D
7 7 5 0 4 H H
1 4 0 H S
5 5 2 5 4 H L
7 2 2 6 4 B D
1 3 3 9 7 L H
8 7 5 5 1 L
2 0 4 4 A H
6 7 7 5 1 L B
7 5 4 0 6 R
5 2 5 5 5 L A
1 0 1 1 9 B
5 4 5 5 6 D B
1 2 2 2 5 L M
8 0 2 2 0 D B
3 6 4 5 B Y
5 5 8 1 1 L M
4 8 2 0 0 B W
8 5 0 0 7 H D
4 8 8 4 6 D W
7 1 1 1 5 Y A
6 7 8 R
1 9 4 5 5 L A
1 4 4 5 1 D W
6 1 8 1 7 H S
5 2 5 5 5 L M
7 1 1 1 2 D D
8 0 4 4 7 B D
7 5 7 7 0 S
5 1 1 4 7 D D
6 5 5 2 5 D T
5 8 2 2 0 A A
9 2 0 7 7 L H
6 1 1 9 8 R Y
7 2 2 5 R H
7 8 0 6 9 H L
2 8 1 1 2 L Y
9 9 4 5 1 H T
9 6 0 0 1 D A
7 0 9 0 M M
5 8 4 4 8 A A
6 5 2 8 7 7 D
8 5 2 0 7 H
5 5 3 1 5 B S
5 1 1 1 4 L L
6 5 8 8 7 D
4 5 1 1 0 L
1 5 1 1 5 M Y
6 5 7 7 0 D A
6 7 9 9 1 A A
7 8 8 2 7 D H
5 7 5 5 5 L M
4 4 7 7 0 L B
1 5 0 9 7 L S
4 7 1 1 7 R A
5 0 1 4 4 D M
6 0 0 6 H D
6 6 1 1 8 B Y
7 5 7 5 0 D L
9 0 0 6 2 R Y
5 5 4 2 2 D D
1 0 0 1 L H
5 5 7 7 3 B B
5 5 5 7 6 D A
2 6 9 7 9 A A
4 7 8 8 H H
2 8 8 5 1 D A
5 1 1 8 5 L B
5 5 7 7 4 D D
5 5 8 0 7 D A
5 4 6 1 4 B
1 7 4 0 0 A A
1 5 2 5 5 L B
7 1 7 7 7 T R
5 0 4 4 6 R Y
4 0 5 0 1 T
4 4 5 5 5 D D
2 2 1 4 5 L
5 5 8 0 0 A A
1 4 9 0 D Y
2 2 2 0 4 H R
9 1 6 6 5 D S
5 8 2 0 1 L B
5 1 6 0 0 K B
7 6 6 0 2 D H
5 6 1 2 2 H L
7 7 0 4 7 B B
1 2 5 5 6 L D
7 6 5 5 5 L R
6 7 7 7 3 D A
4 1 9 4 4 H A
8 1 6 2 5 M L
5 6 6 1 5 A A
1 4 4 4 1 L B
5 1 0 1 1 H B
4 4 4 5 1 T H
4 4 1 6 0 L
4 4 1 6 0 L L
4 7 5 5 5 D
6 6 0 5 6 D A
2 8 2 1 8 R
8 7 7 0 9 L A
5 6 5 5 8 A A
5 7 5 5 0 D L
7 1 1 1 5 M B
5 5 5 0 4 A R
7 6 5 9 8 B B
6 6 3 0 7 R
7 6 7 4 0 D Y
2 6 9 8 1 B L
8 7 6 6 9 K A
1 1 5 5 1 R L
2 2 2 2 1 D Y
8 7 4 4 9 D M
5 5 5 6 0 L L
5 5 1 5 5 D A
3 5 3 8 2 S
1 1 0 6 Y
5 6 8 9 0 D Y
5 5 2 2 1 L
4 4 4 2 8 A
4 1 9 4 9 R
7 4 7 5 5 B B
5 6 3 8 7 B B
5 0 4 1 1 T B
1 0 0 1 L L
6 6 6 5 5 L Y
7 8 3 5 5 B A
7 1 5 5 5 L L
2 4 5 5 1 D B
7 9 7 2 8 R
7 4 4 5 L A
3 3 1 5 0 D R
8 5 5 3 8 D S
8 0 0 4 7 R
5 7 7 6 8 K A
7 8 8 2 7 D H
4 2 9 9 4 L A
5 8 8 7 0 A D
6 0 1 7 2 H B
8 5 5 4 0 L H
5 8 4 4 5 B A
5 8 5 0 L