9 6 6 2 R I C E L L
9 2 2 1 2 2 3 4 3
( 6 2 ) 6 4 0 - 8
5 6 3 1 6 R R L
1 6 9 0 9 8 8 O L A T
( 6 1 9 8 7 &
2 6 6 0 6
5 7 6 9 1 9 9
9 2 8 5 - B U L :
3 3 7 5 6
4 5 8 0 H A U L A S
7 8 5 0 2 8
2 6 9 7 9 L
8 5 1 7 9 8 4
8 0 2 0 R E G
( 9 6 6 4 F A X )
8 1 4 3 0 8 8 -
7 2 8 0 9 6 %
5 3 1 2 2 B A L A
3 0 5 7 9 5
2 3 7 3 . 4 0
6 5 2 8 7
1 7 8 9 0 8 1 9
1 3 5 8 3 C L
( 9 1 0 5 2 6 O L A T
8 4 9 6 4 J A L A
5 6 1 9 5 F
4 2 6 4 8 S B L C S
( 6 3 7 0 6 &
1 4 2 6 7 , 8
2 5 0 2 R 2 B L E
6 2 2 3 . 4 9
9 9 8 0 5 - 8
7 5 7 5 9 % ( P L A )
1 6 6 8 6 2 8
4 5 2 5 B R O L L S
6 0 4 7 3 R T O T A L
1 2 6 1 6 5 - 8 6 5 3
2 8 5 0 Z A L A
7 5 2 7 4 2 0 %
9 3 2 8 S A L L
8 1 1 6 0 E E G A
T O T A L : T O T A L
6 0 5 9 1
2 8 1 5 2
( 4 3 6 9 4 8 C L K )
8 8 0 7 9 5
7 7 5 7 2 6 9
6 3 8 7 9 F A
5 0 2 3 4 2 @ L A
2 2 6 1 6 @ B L A C K
7 3 0 9 2
6 4 2 0 5
8 2 3 9 + P K
1 7 8 3 0 A B L E
1 6 0 5 9 2 4 -
5 6 3 9 3 @ 6 L ^
5 9 8 2 S R
6 3 7 0 6 M S L E
9 7 8 0 0
7 9 1 @ 8
6 3 8 4 2 B E L A
6 1 4 5 6 4 B L U E
6 6 0 2 5 & 4
7 8 0 6 8 5 . 0 2
9 5 9 8 0 6 0 1 9 L A R
1 9 6 5
5 6 3 0 8 - A R A
9 9 5 3 3 R A
2 . 8 6 9
3 8 8 9 7 @
7 2 1 6 5 R G L A S
8 7 9 : 4 . 0 0
2 8 2 1 8 & S E L A
2 8 2 1 8 & S A L E
G S T A L L S
1 5 1 5 2 S A L E S
4 1 9 4 7 4
3 1 8 4 6 8 C L E
9 8 3 6 6 B E L L
8 5 0 . 5 5
3 4 9 1 7 @ 1 0 6 4
( 7 8 8 7 9 - G @ -
7 8 0 4 7 B T O T A L
8 8 1 5 5 5 - 4
7 6 0 2 9
6 5 0 3 4 . 9 8
8 1 6 2 5 6 . 0
( 2 5 2 3 4 8 4
5 7 2 6 5 & S L S
6 5 3 6 6 S A L E
4 1 5 6 3 6 8 - 4
2 8 9 0 6 5
3 2 8 6 . 8 2 -
8 6 5 0 8 L V O L A C
A P 8 1 9 R
2 8 3 9 0 8 C L A
9 7 8 0 0
1 2 2 3 2
9 2 1 7 3 5
6 2 1 4 9 F C L E
1 4 9 1 0 @
4 3 1 5 7 B O L A
6 1 4 9 . 5 4
7 1 3 . 8 4
7 5 0 0 9 8
6 9 2 0 9 L O L E S
5 6 5 6 6 R I D A
4 9 7 5 6
7 8 1 0 R W I L L
5 0 0 7 9 8 7 -
4 7 4 9 0 1 4 9 L A C
3 9 0 3 5 4 4
2 5 9 9 & R O L L A
1 2 9 6 0 8
8 8 1 5 M M
2 7 5 7 0 &
7 3 3 4
1 3 6 4 F A 9 8
1 6 5 3 6 6 B
5 9 4 6 8
7 4 2 5 7 & 4
2 1 7 3 7 & I P L A S
4 4 8 6 1 R M
2 0 2 3 9
6 2 3 5 3 H A L E
2 0 5 6 3 6
6 2 3 6 7 G J A L A
6 6 8 4 % S / 6 %
( 4 0 3 6 8 - 5 %
( 4 0 3 6 8 - 5 %
7 6 0 2 4 7 7
( 2 0 3 7 - F R E E
1 2 6 9 2 S
6 1 9 8 2 &
2 9 7 2 8 S P L C
5 7 6 3 2 L O L
6 1 6 3 5 7
5 1 8 5 4 & 6 %
5 2 4 6 | 5 @
8 0 7 6 1 2
1 3 1 0 1 +
3 5 8 0 7 L A S L 2
9 3 6 4 8 5 5
6 0 7 9 0
6 0 8 2 5 A L L 4
5 4 6 3 3 - B A K E
5 7 4 6 5 . 1 1 0 L A
8 8 1 9 8 S ' U L A
3 8 7 8
( 6 7 4 2 3 - 8
2 2 2 4 8 R
( 9 9 5 5 4 ) + 1 6 0 4
9 8 9 3 7 5
3 2 8 6 8 9 6 4
6 7 2 2 8 . 9 5
1 3 5 9
E X A M B L E D
6 7 8 5 9 4
5 3 2 1 3 - 4
9 9 1 9 A V A L
3 2 8 2 7 @ 6 %
4 0 2 9 7 @ 6 %
4 6 3 1 2 S C L E
4 8 9 2 1 & @ L A
8 1 4 8 4 5 2
1 3 0 9 7 *
9 0 9 6 4 S P L L
8 8 8 6 0
6 3 0 7 9 &
( 4 0 3 6 8 - 3 . 2 4
3 9 3 5 7 & S L A
9 5 5 8 7 @ 6
5 5 3 6 6 S A L L A
5 8 2 3 - S I R
7 4 9 0 2 1
5 9 5 0 8 R A L A
( 5 0 9 4 0 )
3 2 2 2 0 6 8 6 4
5 3 4 4 4 8 8 . O L A X
6 0 7 9 0
2 7 7 0 9
3 4 2 0 R S
8 8 7 2 . 8
1 6 5 2 R E G
9 7 4 5 8
5 7 9 2 3
2 3 5 2 & 2 4
1 7 9 5 3 6
1 9 3 4 5 6 . 0 2
9 9 2 4 . 9 8
2 0 3 4 5 . 0 0
1 8 3 0 1 & C A
1 8 4 8 8 S P L A
9 1 1 1 8 5 8
( 9 3 1 4 Y C O L A
6 7 8 2 9 5 9 4
6 2 7 8 4 7
1 8 0 7 4 4
8 9 7 0 3 R
6 0 4 2 3
7 0 2 2 F A U L L E
2 6 4 5 2 ( $
4 0 6 3 0 R I C E
5 9 7 3 : O L A
3 8 3 4 0 . 0
2 3 0 1 1 8 8 0 L
8 1 1 2 4 5 8
8 2 5 7 0 . 6 5
4 7 0 2 7 & B L U E
8 3 2 5 M G S I A
6 6 0 5 6 8 A L L
7 8 7 4 2 5 9 6 4
2 3 0 5 2 6 8 8
6 6 4 3 1 8 8 -
1 7 3 7 5 7
8 2 6 2 8
9 4 1 2 1 8 : 4
8 1 2 7 8 . 8 4
7 0 5 8 0 1 ( P L - 2 )
2 7 5 - R A L 3
7 9 5 8 M M
3 8 0 5 8 A L
7 3 7 4 . 8 9
3 7 9 0 5 L A G L A R
1 8 3 7 7 B G L -
2 2 1 2 8
9 7 0 9 3 8
9 5 8 V E G L A R
5 1 6 7 2 9 5
4 7 1 6 8 S G L U E
9 8 6 3 1 @ C L E
8 2 0 1 7 . 1 0
7 3 5 6 5 4
3 6 3 0 4 S A L A
1 8 3 7 1 6 . 4 9
1 8 9 7 0 3 R
5 9 0 0 2
1 9 9 8 6 8 -
2 6 4 5 2 6
7 0 2 2 F A I L
8 5 3 9 2 R
4 9 7 6 1 2
8 8 9 0 7 5
7 0 3 2 7 B U S A
( 8 0 6 6 3 | 8
( 4 3 9 ) 6 R E G
7 0 0 6 6
5 1 7 3 1 8
4 4 3 0 1 . 8
1 9 1 8 6 5
8 4 2 3 7 @ S A L E
1 8 7 2 7 8
1 7 5 9 9 1 8 9 2
3 7 8 6 R E
5 8 2 0 2 & @ L A
1 4 3 1 9 | & | S L A
3 8 0 5 8 L V O L A E
1 9 9 4 7 9 L O L A
2 8 7 8 6
3 3 2 6 L A L E S
4 2 8 6 6 & C L A
7 5 2 4 + 4 4
1 9 6 8
9 2 0 9 | 8 7 6 L ^
6 M M M M
9 4 1 0 & 2 . 5 0
7 6 7 3 9 @ @ L A X
7 6 2 8 0 F U L L
7 5 0 1 2 0
9 8 6 5 5 S C L A
4 6 8 @
1 8 0 1 6 5 . 9 4
8 8 0 6 R E G
8 6 7 3 . 9 9
6 2 2 8 3 5 8 - 9
1 2 2 6
1 7 8 1 7 3 F
2 1 2 9 6 9 P L O C
8 4 3 9 R A L E
6 0 2 3 5 L A L A N A
7 8 8 2 7 & P L E
9 8 4 0 9 1 4 4
4 9 0 9 R M O L A E
3 7 3 8 3 @
8 7 9 6 9 @ O L D S
4 8 4 6 1 4 9
5 4 1 3 %
1 4 6 7 5 5 K U L A
( 0 4 0 . 0 0 % )
8 1 0 +
5 8 6 8 4 F A U L A E
8 0 2 0 6 - B E L A
6 9 1 6 3 B ( O L A )
2 7 6 0 3 6 . 0 0
6 5 6 0 . 4 L C L A
7 6 2 1 6 R
2 2 0 6 9 & P L A C
1 1 8 1 4 5 5 2 4
4 6 6 8 & L P L A
3 9 8 7 8 R T S
2 5 6 9 6 R G L S
6 5 0 6 9 B L O C K
6 0 0 0 4 - B L E
3 3 6 1 7
2 5 1 1 9 R @ 1 4
7 8 1 7 3
8 1 7 4 . 0 0 %
4 3 9 1 5 & S A L E
1 9 3 0 3 A
6 5 9 3 6 S
1 2 7 4 5 R M
P A 8 0 6 ( 3 . 0 0 % )
( 6 2 5 8 5 5 . @ C O L A G E
P O S T R A X
6 8 4 3 R E G U L A R
( 9 8 0 4 F A X
2 6 1 8 R J L A
6 6 6 R Y @ L
7 8 7 0 2 2 S ( 9 L )
8 7 5 8 9 S O L A
5 8 2 3 5 %
5 7 6 2 4
1 8 3 8 1
7 5 4 9 8
4 3 9 6 R M -
1 3 5 8 0 4 4 9 1 4 3
8 8 6 9 - 2 B L E
3 4 1 5 3 F
9 5 4 9 7 S E L A
6 0 8 2 7
1 6 7 3 0 0
2 9 8 2
C A S H I E R
7 1 3 2 2
7 4 4 9 9 8 8
1 8 9 0 9 F
8 3 2 9 3
8 6 1 5 7 @ 6 %
8 7 8 8 4 M O D E
5 0 7 4 8 8 8
1 9 5 0 2 S R I V A
9 5 7 8 7
5 4 2 6 1 8 8 4
5 5 7 9 6
6 2 8 6 R F U L L
6 6 6
8 0 9 2 2 8
5 8 2 3 S ( C L )
8 8 8 1 5 8 8 4 3
8 5 6 3 3 S @ L C
8 9 5 4 3 & S L E
9 7 6 3 R I C E
1 8 5 6 7 S C L A
1 4 9 0 3
3 3 0 2 2 . 8 8 O L O E
( 7 3 8 0 2 )
3 5 2 1 8 8
7 7 3 0 4 & B A L A
1 . 4 8
5 5 2 5 4 S G L A X
2 2 6 4 8 9 G L A C
1 4 3 9 2 2 5 . 9 4
8 7 3 1 9 R
2 0 4 4 & W I L L
6 7 1 2 8 4
7 5 4 0 6 R S A L E
3 2 5 3 2 6
1 0 7 9 8 &
5 4 5 6 8 9 8 6
1 2 2 0 0 1 9 1 9
8 0 2 0 6 8 . 5
3 6 4 5 8 7 9 L E
3 8 7 0 %
4 8 2 6 @ W I L L
8 9 0 7 4 8
4 8 4 6 1 4 9
0 0 1 5 9 6
6 7 8 R
8 2 3 9 + 1 4
1 4 3 1 9 @ 9 4 2
6 1 8 7 - S P L A
5 2 3 5 0
7 1 2 6 8 8
8 0 4 7 8 6
7 5 7 5 9 S @ L A
6 1 6 2 . 8 0
6 3 2 5 9 - 8
5 8 2 9 9 - 8 4 9
9 2 7 3 . 4 1 4
( 6 1 9 8 7 )
7 2 3 2 R & B L E
1 9 8 0 3 9 : 5 9 5 - A
2 8 1 5 2
9 6 5 6 F R A Y
9 6 0 1 6 A L L
7 0 9 0 M P U L E
5 8 4 3 8 L J O L A
6 5 2 8 7 8
( 8 5 2 0 7 5 O L U E
( 5 3 6 3 3 - 1 9 0 4 )
( 9 0 1 4 K 8 -
6 3 8 7 9 F A
6 5 1 9 4 S C L U E
1 2 0 5 6 7
6 3 7 0 6
6 7 9 2
7 8 2 7 6 F A L E
6 7 5 5 2 6 5 9 4
4 4 7 9 3
1 6 9 7 2 5 9
( 4 7 1 7 8 A I C E )
3 0 1 4 9 &
9 6 4
A 6 1 9 8 9 1 . 8 4
7 5 7 5 9 %
9 0 6 2 8 T Y
5 3 2 2 . 8 0
8 0 7 1 | S A L L
5 3 7 3 3 . 5 0
3 3 7 6 0 A L
P 6 9 7 9 M E L A S
4 7 8 2 4 5 0
2 8 5 0 Z S L
3 1 8 3 3
3 3 2 4 3 6 4
3 8 6 7 0 . 1
5 4 6 1 4 . 0 2
4 7 4 9 0 4 1 0 L
1 2 5 5 0 - 8
2 1 7 3 7 . 4 9
5 0 6 . 9 4
4 0 5 0 7 R C L U E
4 6 3 5 8 - 5
7 2 1 4 5 6
4 3 8 0 0 L O L A E
1 4 9 0 3 9 2
2 2 0 4 R R
9 1 6 5 5 % @ 4
5 8 2 9 9 8 8
5 1 6 0 3 . 8 8
7 6 0 2 9 F
1 5 6 1 2 & U L C ,
7 0 6 7 8 R I S S A
1 2 : 0 0 : 8 4
9 6 5 5 1 R O L A
6 7 7 3 6 A C L E
4 0 9 4 7 - 1
8 1 6 2 5 2 . 9 L
3 6 1 3 9 L A
1 4 3 0 0 . 8 7
3 1 9 0 4 8 8 4
4 2 4 1 + 6 %
4 5 1 6 0
4 4 1 6 0 Y S L E
4 7 5 5 6 S
6 6 9 5 6 | A
2 8 2 1 8 F U L L
8 7 9 -
5 6 3 0 8
3 7 5 6 9 @ @ L
7 1 1 5 6 7
5 3 0 4 2 R I C E
7 6 5 9 8 5 8 / O L A
6 6 3 0 7 @ P L A Z
9 6 7 4 6 Y O L S
2 6 8 9 8 0
8 7 6 9 3 4
8 4 7 7 3 7 & G A L A B L E
2 2 2 1 3
( 8 7 4 9 6 G . C L E
A 6 5 6 %
6 3 1 5 8 3
3 5 3 8 2 S S L C
8 1 6 6 6 + 9 L O C
1 5 6 8 9 9 S
6 . 2 0
4 4 2 8 L O L A
4 1 9 4 9 R I O L A C E
9 4 3 5 8
3 6 3 8 7 . 8 8 . 0 L E
8 9 4 0 7 - 8
9 4 0 5 . G A L
6 6 6 3 0 + S L E
7 8 3 5 8
Y A W A S P E R
2 4 5 7 9 B E 0 4
2 9 7 2 8 Y O L E
2 7 5 - R A L 3
3 3 7 5 6 R | S L A
1 8 5 3 8 9
( 8 0 4 7 8 6 7 % )
5 7 6 8 3
7 8 2 7 6 F A L E
4 2 9 4 1 H O U
3 8 7 0 . 0 0
6 0 7 2 4 5 5
8 3 4 0 2 5
5 8 4 3 8 A U G
3 8 5 0 & G L A C K