2 4 2 2 2 B
4 2 2 2 L L
9 2 4 0 0 D A
7 6 6 5 D A
2 9 0 9 B B
6 5 1 9 5 L Y
2 6 0 6 6 D D
5 2 6 6 9 Y Y
4 9 1 5 S S
5 5 7 5 0 D S
4 0 8 0 H H
2 8 5 0 A B
2 6 7 9 A A
8 5 1 2 9 D S
8 0 2 0 B B
9 2 1 A S
8 2 1 4 0 B B
7 8 8 8 D D
5 3 4 2 2 L D
5 0 5 7 9 H H
2 0 5 7 5 D
6 5 5 2 8 B B
7 8 8 9 D S
1 5 5 8 B B
2 5 5 2 2 D D
8 6 4 6 4 H S
5 6 6 9 5 H H
4 2 4 8 B B
6 5 5 7 0 D M
4 4 2 4 H H
2 5 0 R W
6 2 1 1 2 S S
9 9 8 0 5 B B
7 5 5 9 S S
6 0 8 0 2 L B
4 5 2 5 D R
6 0 4 8 3 S W
7 1 0 5 5 D S
2 8 8 5 0 D A
7 5 2 2 2 H W
9 3 2 8 8 H H
8 1 4 5 S S
2 H
6 0 9 1 Y Y
2 8 1 5 2 L Y
9 6 9 9 9 S S
8 8 8 7 9 D S
7 5 2 7 2 L S
6 5 5 8 1 S R
5 0 2 3 4 R R
2 6 2 6 H
7 0 0 9 2 L Y
6 4 4 2 5 S S
4 9 4 5 5 L S
7 7 8 8 0 D M
1 0 0 0 5 D W
5 6 9 5 5 W W
5 9 8 2 2 B H
6 5 7 0 0 D M
9 7 0 8 0 D B
7 9 1 2 B B
6 3 8 4 2 L D
6 4 4 5 6 M M
6 6 6 0 5 B B
7 8 5 8 H H
2 3 0 0 B B
4 9 1 5 5 B S
5 5 6 5 8 A A
9 9 9 5 5 S R
2 2 8 6 9 9
5 8 8 9 9 T M
7 2 1 4 5 D B
8 7 2 A A
2 2 1 8 H H
2 2 1 8 H S
6 0 0 5 5 L D
1 5 2 5 2 S S
4 9 9 4 7 A A
3 2 2 4 B B
9 8 8 6 6 D B
8 5 0 8 Y H
5 4 9 2 2 L S
7 8 8 8 9 9 9 9 9
7 8 0 4 7 D D
8 8 8 5 H H
7 6 0 2 9 L H
6 5 0 3 B B
8 6 2 2 5 D
2 5 2 5 S S
5 2 5 2 6 D D
6 5 5 6 D B
9 5 5 6 5 S S
2 8 9 0 D S
5 2 8 8 D S
8 6 0 8 A A
1 2 8 2 9 A A
2 8 5 9 9 D B
9 7 0 8 0 D B
1 2 2 5 2 L W
9 2 1 7 5 H H
6 2 1 4 9 Y Y
1 9 1 9 1 D M
4 3 1 5 5 D D
6 9 1 6 9 D R
7 2 7 1 5 B B
7 5 0 0 D M
6 9 2 0 9 A A
5 6 5 6 6 D A
4 9 7 5 6 B B
7 8 1 0 R W
5 0 0 7 9 B B
4 9 9 0 A A
5 9 0 5 5 5 S A A
2 5 0 5 L S
1 9 0 6 0 D D
7 8 8 2 2 L H
2 7 0 0 H
5 2 5 5 B S
1 6 4 4 4 B B
6 5 5 3 0 B B
5 9 4 6 8 B Y
7 4 7 2 5 R R
2 2 7 D S
4 4 8 6 L R
2 0 2 5 9 A A
6 2 2 5 5 S A
2 0 5 6 5 S D
6 2 3 6 A
6 0 4 A S
2 0 0 9 B B
2 0 0 9 B B
7 0 0 2 2 H B
7 1 7 Y S
1 2 6 9 2 S S
6 1 9 8 2 R S
2 9 7 2 8 S S
5 7 5 2 2 L A
6 1 6 5 B S
5 1 1 8 5 H 5
5 2 0 H H
8 0 6 2 2 W M
5 9 B
5 5 0 7 L A
9 3 6 8 8 B B
6 0 7 9 D W
6 0 8 2 2 A A
5 4 6 5 5 B B
5 7 4 5 A A
8 8 1 9 8 S S
5 8 8 8 8 B W
6 7 4 2 5 B B
2 2 2 4 R R
9 9 5 5 5 L H
9 8 9 5 5 M M
5 2 8 8 R R
5 7 2 2 2 D Y
1 5 5 5 9 A A
4 2 7 2 2 D A
6 0 7 7 8 B B
5 5 2 2 5 B B
9 0 0 9 A A
5 2 8 2 2 W W
4 0 2 9 2 W W
4 6 1 2 2 H H
4 9 7 2 1 H H
1 1 4 7 8 R Y
2 5 0 9 9 Y R
2 9 4 B S
8 8 8 8 0 D M
6 5 0 7 9 D M
4 0 0 5 8 B B
5 9 3 5 5 D D
9 5 5 8 7 M M
5 5 6 6 5 D S
5 5 3 S S
7 9 9 0 2 A A
2 0 D H
4 0 0 0 A
5 2 0 2 2 B B
5 5 4 4 B B
6 0 7 9 0 D S
2 7 7 0 9 S Y
3 4 4 2 0 R S
8 8 8 2 2 D R
1 6 5 2 2 H R
7 7 4 5 8 S S
5 7 9 2 2 B B
2 5 D S
1 7 9 5 5 B B
2 9 4 5 R R
5 2 2 1 4 S S
2 0 5 5 4 D M
5 5 1 8 L S
1 8 4 8 8 S S
9 1 1 8 B B
9 3 1 4 M Y
4 8 8 8 2 H Y
6 2 7 8 4 S S
9 9 5 5 D S
8 9 7 0 5 R R
6 0 4 2 B S
7 0 2 L H
2 6 2 2 D
4 0 6 3 0 D M
5 9 7 5 Y Y
3 8 8 3 4 D B
2 5 0 2 B D
8 1 1 2 2 B B
8 2 5 7 D D
4 0 0 7 M M
8 3 2 5 M M
6 0 5 6 8 A A
7 8 7 4 2 L S
2 0 0 5 2 B B
6 6 4 5 A A
1 7 5 5 H B
8 2 2 6 2 B D
9 5 9 2 2 A S
8 1 1 2 2 L S
7 0 5 8 0 L L
2 4 5 H S
7 5 5 8 H M
5 8 0 5 8 A A
7 5 7 4 4 H S
5 7 7 5 A A
1 8 3 7 7 D D
2 1 1 2 8 B B
9 7 0 9 5 S B
2 6 Y Y
5 0 1 6 2 B W
4 2 8 6 8 H S
9 8 6 5 1 B B
4 2 2 1 7 A A
7 5 5 6 6 D S
5 9 S S
2 7 7 2 2 L S
8 9 7 0 5 S R
5 9 0 0 2 B B
1 9 0 8 8 D D
2 6 4 5 2 D D
7 1 2 2 L
8 5 5 9 2 R R
4 9 7 6 1 L W
8 6 9 9 L S
7 0 3 2 2 B S
8 0 6 5 S D
4 3 0 5 D R
7 0 0 5 5 M M
5 7 7 5 2 B B
4 0 4 3 2 B B
1 9 0 1 8 H Y
8 4 4 2 7 B B
1 8 7 2 7 B B
2 5 9 9 T H
5 7 1 8 B S
5 8 2 0 2 M M
4 9 5 1 9 S S
5 8 0 8 A A
9 9 7 9 A A
2 8 7 8 6 D B
5 5 5 2 2 D A
4 2 8 6 6 D W
5 9 9 S S
1 1 1 6 8 R R
9 2 0 9 B R
5 4 0 9 L A
9 4 4 1 0 R S
7 6 7 5 9 M M
7 6 2 8 8 D Y
7 0 0 0 2 L S
9 8 6 5 5 D S
4 0 2 H
1 8 0 D D
9 8 D S
8 6 5 3 B
6 2 2 8 5 B B
1 2 2 6 B S
7 8 4 7 5 Y Y
2 2 2 D D
8 4 4 5 9 H H
6 0 2 5 5 A A
7 8 8 8 2 D D
9 8 4 0 9 A A
4 9 0 9 A W
3 7 5 8 5 W W
8 9 6 9 B B
4 8 4 6 L W
5 4 4 1 S S
2 L S
6 2 0 2 5 D S
6 1 1 S S
5 8 6 8 B B
8 0 2 0 6 B B
6 9 6 5 D
2 7 5 6 5 S S
6 4 5 5 D S
7 6 2 2 6 R R
2 2 6 9 H M
1 8 8 1 4 B B
4 6 8 8 W W
5 9 8 7 8 B S
2 5 6 9 6 D S
6 5 0 6 6 D S
6 0 0 4 4 M S
5 5 6 1 2 B B
2 5 1 1 9 R R
7 8 7 5 S Y
8 4 4 D D
4 9 1 5 5 5
1 9 3 0 5 A A
6 5 0 5 6 S S
1 2 7 4 5 D H
2 4 4 8 6 Y Y
6 2 5 8 5 R S
9 2 2 5 8 B
6 8 4 5 R S
9 8 0 8 4 H A
2 4 1 8 L
6 6 6 H Y
7 3 2 2 2 S
8 7 5 8 9 Y Y
5 8 2 5 5 S S
5 7 6 2 4 Y Y
2 8 8 1 B B
7 5 4 8 B B
4 9 0 6 6 R R
2 5 0 4 A A
8 8 9 9 M M
5 4 1 5 5 S Y
9 5 4 9 9 H H
6 0 8 2 2 L Y
1 9 0 3 0 D D
2 9 8 2 2 2
2 5 2 2 L
7 3 2 3 2 2 2 L
7 4 4 9 9 B B
2 9 0 9 Y Y
6 2 2 9 9 D Y
8 6 1 5 5 W W
8 7 8 8 4 H M
5 0 7 4 8 B B
9 5 0 0 L S
9 5 2 8 8 D S
5 4 2 5 L S
5 5 7 9 6 B B
6 2 6 6 6 R R
6 6 6 6 R S
8 0 9 2 2 L D
5 8 2 5 S S
8 8 8 2 5 B B
8 5 6 3 3 S S
8 0 5 D D
9 0 0 6 3 D R
1 5 7 6 6 S S
2 4 9 0 D Y
5 5 0 2 B B
7 7 7 8 D B
5 5 2 2 8 D S
7 0 4 5 4 M M
5 4 4 8 S S
5 5 2 4 H H
2 2 4 6 4 B B
4 9 2 9 2 L R
8 7 5 2 9 R R
2 0 4 4 4 A A
6 7 7 1 2 B B
7 5 4 6 R R
5 2 5 5 2 L S
1 0 7 9 8 B M
5 9 5 5 5 D D
1 2 L
8 0 2 0 6 B B
5 6 4 5 B Y
5 5 8 1 A A
4 8 2 5 B W
8 9 0 7 4 H D
4 8 4 6 L W
7 0 1 5 5 S M
6 7 8 R R
1 9 5 5 L
1 4 9 5 1 D W
6 8 8 8 H S
5 2 5 5 0 D R
7 1 2 2 2 D S
8 0 4 7 8 B S
7 5 5 9 9 S S
6 0 4 2 2 L S
6 5 2 5 9 S S
5 8 2 9 9 A A
9 2 2 7 5 H H
6 9 2 9 8 Y Y
7 2 2 R R
9 8 0 5 9 H S
2 8 1 5 2 L Y
9 2 3 S H
9 6 0 6 D A
7 0 0 0 M M
5 8 4 8 A A
6 5 2 8 7 B S
8 5 0 7 H H
9 9 1 5 3 L S
9 4 1 4 H S
6 5 8 8 9 9 9 9 9 H H H R H R R R H H
6 5 4 0 4 H S
2 4 1 H B
6 5 7 0 0 D M
6 2 9 2 2 D A
7 2 5 8 D H
5 7 5 5 2 L W
4 4 7 9 5 B B
1 6 9 7 2 S S
4 7 1 7 8 A A
3 0 1 4 9 9 9
5 0 0 6 H S
6 9 0 9 2 Y Y
7 5 7 5 9 S S
9 0 6 2 B B
5 3 4 2 2 D D
8 9 4 S R
5 8 7 5 B B
5 5 7 6 6 A A
2 6 7 7 9 A A
4 2 8 8 2 H Y
2 8 8 5 B B
5 2 8 5 5 B B
5 5 7 4 5 S S
7 8 8 8 7 D A
5 4 6 4 B B
4 9 0 0 A A
1 2 5 5 5 D B
2 1 1 5 7 R R
5 9 4 6 8 B Y
4 0 5 0 7 R R
4 4 5 5 0 D B
2 4 D S
4 8 8 0 0 A A
1 9 0 0 D S
2 2 0 4 4 R R
9 1 1 5 5 S S
5 8 8 9 9 B B
5 1 6 0 5 S B
7 6 0 2 9 D S
2 6 2 2 H
7 7 6 7 B
1 9 9 6 H S
9 6 5 5 L R
6 7 7 3 D A
4 9 9 4 A A
8 1 6 5 2 R S
5 6 6 5 9 A A
2 4 4 5 0 D S
5 1 9 0 H B
4 2 4 1 L
4 4 1 6 0 D S
4 4 4 6 0 S S
4 7 5 6 D S
6 6 9 5 6 A A
2 8 1 8 H
8 7 7 9 2 A A
5 6 3 8 8 A A
3 7 6 6 9 W W
7 2 1 5 B Y
5 5 0 4 2 L R
7 6 5 9 8 B B
6 6 0 7 R R
9 6 7 4 6 D Y
2 6 8 9 B D
8 7 6 9 5 A A
2 7 7 R S
2 2 2 2 5 S Y
8 7 4 9 D M
4 0 0 0 D Y
6 5 1 5 8 L
5 5 3 2 2 S S
8 4 6 Y S
5 0 8 9 9 S S
6 5 5 2 L R
4 4 8 8 8 A A
4 9 4 9 R D
9 4 4 5 8 B B
5 6 8 7 B B
6 9 4 0 B S
5 4 4 0 D S
6 6 6 5 0 D Y
7 8 3 5 8 B M
5 1 1 9 9 L H
2 5 5 5 9 B B
2 9 7 2 8 S S
2 4 5 H S
3 3 7 5 0 D S
8 5 5 3 8 S S
8 0 4 7 8 B D
5 7 6 8 5 M M
7 2 5 8 D H
4 9 4 2 A A
5 8 8 7 0 A D
6 0 7 2 4 B B
8 4 4 5 2 D H
5 8 4 5 8 A A
6 8 5 0 H H