9 8 6 2 B Y
1 0 2 1 2 B D
4 2 6 4 0 D
1 6 5 2 6 D
1 6 7 0 9 B B
6 2 9 8 7 B Y
2 6 6 0 6 D
5 7 6 9 Y
5 9 4 5 5 K K
3 3 7 5 0 D
4 5 8 0 H H
2 8 5 0 A B
2 6 9 7 9 A A
8 5 4 7 9 D D
8 0 2 0 B D
9 1 8 4 B S
8 1 4 3 0 B B
7 2 8 0 9 D D
5 3 4 2 2 D D
5 0 5 7 9 H
2 0 5 7 5 M M
6 5 2 8 7 B
7 8 7 0 0 B
1 3 5 8 B B
9 3 0 5 2 D
8 4 9 6 4 A L
5 6 2 9 5 H
4 2 6 4 8 B
6 3 7 0 6 K
4 4 2 7 7 K
2 5 0 2 R W
6 2 1 2 3 B B
9 9 8 0 5 B B
7 5 7 5 9 S
6 6 8 0 2 B B
4 5 2 5 D R
6 0 4 7 3 M D
7 4 1 3 5 Y D
2 8 5 0 A B
7 5 2 7 4 M W
9 3 2 8 H
8 1 4 5 0 B D
9 3 4 D
6 0 5 9 1 Y
2 8 4 5 2 Y
4 5 6 9 4 D
8 8 0 7 0 K
7 7 5 7 2 D D
6 3 8 7 9 H
5 0 2 3 4 R
2 2 6 2 6 W
7 3 0 9 2 Y
6 4 2 0 5 M
6 9 5 0 T
7 7 6 3 0 K
1 6 0 5 9 W W
5 6 3 9 5 W D
5 9 8 2 8 B H
6 5 7 0 0 H
9 7 8 0 B B
7 9 1 B D
8 3 8 4 2 D
6 2 4 5 6 M
6 6 0 2 5 B
7 8 0 8 8 R
7 3 9 8 B B
4 4 9 0 5 D
5 6 5 0 8 A A
9 9 5 3 5 R R
2 1 8 6 9 M
5 8 8 9 7 M
7 2 4 4 5 B
8 7 9 1 A A
2 8 2 4 8 H
2 8 2 4 8 H
6 6 0 5 2 A A
1 5 1 7 7 H
4 1 9 4 7 A
7 4 8 2 4 B B
9 8 5 6 0 B B
8 5 0 H Y
5 4 9 2 7 W W
7 8 8 7 9 M
7 8 0 4 7 D
8 8 4 5 5 H H
7 6 0 2 9 H H
6 5 0 3 4 B B
8 4 6 2 5 R
2 5 2 5 R W
5 7 2 6 5 M M
6 5 5 6 0 B
4 2 5 6 5 B B
2 8 9 0 6 H
5 2 8 6 D D
8 6 5 0 8 A A
1 2 8 1 9 A A
2 8 5 9 0 B
9 7 8 0 0 B
1 2 2 3 2 W W
9 2 4 7 5 H
6 2 4 4 9 Y
1 4 9 2 0 W
4 3 1 5 7 D
6 2 4 9 H H
7 4 7 4 5 B
7 5 0 0 9 W W
8 3 2 0 A A
5 6 5 6 6 A A
4 9 7 5 6 B B
7 8 4 0 R W
5 0 0 7 9 B B
4 7 4 9 0 A A
3 9 0 3 5 A
7 4 5 4 B B
4 2 9 6 0 D D
8 8 8 2 5 H H
2 7 5 7 0 W
8 7 5 4 Y Y
1 3 6 4 4 B
6 5 3 6 6 B
5 9 4 6 8 Y Y
7 4 2 5 7 R
2 1 7 3 7 R
4 4 8 6 1 R
2 0 2 5 9 A
6 2 3 5 3 A A
2 0 5 6 5 D
6 2 6 7 M M
6 6 8 4 4 A S
4 0 3 8 8 B B
4 0 3 8 8 B B
7 6 0 2 4 B B
9 1 5 9 Y Y
1 2 6 9 2 S
6 1 9 8 2 H
2 9 7 2 8 S
5 7 6 3 2 A
6 1 6 5 B H
5 2 8 5 4 M M
5 2 4 B
8 0 7 6 1 W
8 6 4
7 5 8 0 7 A A
9 3 6 4 8 B B
6 0 7 7 0 W
6 0 8 2 5 A
5 4 6 3 5 B 8
5 7 4 6 5 A A
8 8 4 9 8 A
7 8 7 8 B W
6 7 4 2 3 B B
2 2 2 4 8 R
9 9 5 5 1 W
9 8 9 5 7 H
7 2 8 0 D R
8 7 2 2 D D Y
1 3 5 9 A
5 2 7 2 7 A A
6 4 7 7 8 B B
5 3 2 1 5 B B
9 0 0 1 9 A W
5 2 8 2 7 W W
4 0 2 9 7 W
4 6 5 1 2 H
4 8 9 2 1 W
1 1 4 7 0 Y
1 3 0 9 7 R
9 0 0 6 4 B
8 8 8 6 0 W
6 3 0 7 9 W
4 0 3 5 8 B
3 9 3 5 7 D D
9 5 5 8 7 H H
5 5 5 6 6 K
5 8 2 3 S S
7 4 9 0 2 A
5 7 5 0 H
4 8 9 4 0 A
5 2 2 7 0 B B
5 3 4 4 4 B B
6 0 7 9 0 W W
2 7 7 0 9 Y Y
3 4 2 0 0 R S
8 8 7 2 7 B R
1 6 5 2 H R
9 7 4 5 8 K
5 7 9 2 5 B
2 3 5 9 D
1 7 9 5 5 B
1 9 3 4 5 R
1 9 2 1 4 S
2 0 3 4 5 M M
1 8 3 7 7 D D
1 8 4 8 8 S
9 1 4 1 8 B B
9 3 1 4 M Y
4 7 8 2 H Y
6 2 7 8 4 K
7 7 0 0 B B
8 9 7 0 5 R
8 0 4 2 0 R
7 0 2 4 B S
2 6 4 5 2 D
4 0 6 3 0 W
5 9 7 5 Y
5 8 3 4 0 W
2 3 0 2 1 B B
8 1 1 2 4 B B
8 2 5 7 0 B B
4 7 0 2 7 M
8 3 2 5 M W
6 0 5 6 8 A
7 8 7 4 2 K S
2 3 0 5 2 B B
6 6 4 5 1 A A
4 7 5 7 B H
8 2 6 2 8 D D
9 4 2 2 A A
8 1 2 2 7 D D
7 0 5 8 0 A L
7 7 5 B S
7 9 5 8 W M
5 8 0 5 8 A A
7 5 7 4 4 B
3 7 9 0 5 A A
1 8 3 7 7 D
2 2 1 2 8 B B
9 7 0 9 5 B
9 5 8 Y Y
5 1 4 6 7 M W
4 7 1 8 8 H
9 8 6 7 1 B
4 2 1 0 7 D
7 3 5 6 S
3 6 3 4 6 L
8 3 7 2 B
8 9 7 0 5 R
5 9 0 0 2 B B
1 9 9 8 0 D D
2 6 4 5 2 D
7 1 9 9 T
8 5 3 9 2 R
4 9 7 6 1 W
8 8 9 0 2 H
7 0 5 2 7 B
8 0 6 5 3 D D
4 3 9 0 H R
7 0 0 0 M
5 1 7 5 1 B
4 4 3 0 1 B D
1 9 1 8 H Y
8 4 2 3 7 B
1 8 7 2 7 B B
2 5 9 9 1 H
5 7 8 1 K B
5 8 2 0 2 M
1 9 5 2 9 K
3 8 0 5 8 A A
9 9 4 7 9 A A
2 8 7 8 6 B B
3 3 2 6 A A
4 2 8 6 6 W W
7 5 9 4 B
3 1 6 7 8 R R
9 2 0 9 B R
5 7 9 0 0 A A
9 4 1 0 R M
7 6 7 3 9 M
7 6 2 8 0 D Y
7 5 0 2 2 M M
9 8 6 5 5 S
4 6 8 W
7 8 0 1 0 D D
8 8 0 0 6 D
8 6 7 3 3 Y Y
6 2 2 8 3 B B
1 2 2 6 B S
7 8 1 7 5 Y
2 2 2 9 D R
8 4 3 9 W W W
6 0 2 3 5 A A
7 8 8 2 7 D D
9 8 4 0 9 A A
4 9 0 9 A W
3 7 5 5 W W
8 7 9 6 9 B
4 8 4 6 1 W
5 4 4 5 7 S S
1 4 6 7 5 D
6 2 0 4 5 W
6 3 0 A A
5 8 6 8 4 B 8
8 0 2 0 6 B 8
6 9 4 6 5 D
2 7 6 0 5 B
6 3 5 3 0 B
7 6 2 1 6 R
2 2 0 6 9 K
1 1 8 1 4 B B
4 6 8 W
5 9 8 7 8 H
2 5 6 9 6 H
6 5 0 6 9 D D
6 0 0 0 K K
3 5 6 1 7 B B
2 5 4 1 9 R
7 8 4 7 5 Y
8 4 7 4 D D
4 3 9 1 5 M
1 9 5 0 5 A
6 5 0 5 6 S
1 2 7 4 5 H
2 4 8 0 6 Y
6 2 5 8 5 R
8 2 5 8 8 W W
6 8 4 3 R R
9 8 0 4 A M
2 1 5 8 1 R
6 6 6 H Y
7 3 7 0 2 S
8 7 5 8 9 Y
5 8 2 3 S S
5 7 6 2 4 Y
1 8 3 8 1 B
7 5 4 9 8 B B
4 5 9 6 H R
1 3 5 8 0 L A
8 8 6 9 9 D M
3 4 4 5 5 Y
9 5 4 0 7 H
6 0 8 2 7 Y
1 7 3 0 0 D D
2 9 8 2 Y D
2 5 2 7 0 D
7 1 3 2 2 M M
7 4 4 9 9 B B
2 8 9 0 9 Y
8 5 2 9 5 Y Y
8 6 4 5 7 W
8 7 8 8 4 W
5 0 7 4 8 B B
9 5 0 2 B S
9 5 7 8 7 Y Y
5 4 2 1 1 D D
5 5 7 9 6 B B
6 2 8 6 R Y
6 6 6 H Y
8 0 9 2 2 D D
5 8 2 3 S S
8 8 8 2 5 B B
8 5 6 3 3 S
8 9 5 4 3 D D
9 7 0 3 D R
1 8 5 6 7 D
1 4 9 0 D Y
3 3 0 2 2 B B
7 3 8 0 7 B B
3 5 2 2 8 D
7 7 5 0 4 M
9 0 4 8 8 M S
5 5 2 5 4 H
2 2 6 4 B D
4 3 9 2 7 H H
8 7 5 2 7 R
2 0 4 4 A W
6 7 4 2 B B
7 5 4 0 6 R
7 2 5 7 2 M
1 0 7 9 8 K
5 4 5 6 8 B B
1 2 2 5 3 H
8 0 2 0 6 B B
3 6 4 5 B Y
5 8 7 0 0 A D
4 8 2 0 B W
8 3 0 7 4 D D
4 8 4 6 1 W
7 0 1 5 9 K K
6 7 8 R
1 5 5 9 B
1 4 5 2 9 W
6 1 8 7 H S
5 2 3 5 0 R
7 1 1 2 D D
8 0 4 7 8 D
7 5 7 5 9 S
6 1 4 2 D D
6 3 2 5 9 D D
5 8 2 9 9 A A
9 2 4 7 3 H
6 1 9 8 7 Y D
7 2 3 2 R W
9 8 0 3 9 H L
2 8 1 5 2 Y
9 7 4 1 B B
9 6 0 1 6 A
7 0 9 0 M W
5 8 4 5 8 A A
6 5 2 8 7 B
8 5 2 0 7 H
9 9 7 5 3 B
9 8 8 4 B K
6 3 8 7 9 H
6 5 5 0 4 D
7 0 4 B Y
6 3 7 0 6 W
6 7 9 4 2 A
7 8 2 7 6 H
6 7 5 2 7 W W
4 4 7 9 5 B B
1 6 9 7 2 S
4 7 4 7 8 A
5 0 1 4 9 M
3 6 4
6 1 9 8 7 Y L
7 5 7 5 9 D
9 0 6 2 B Y
5 3 4 2 7 D D
8 0 7 T L
5 3 7 3 5 B B
3 3 7 6 0 A A
2 6 9 7 9 A A
4 7 8 2 H Y
2 8 5 0 A B
7 2 8 3 3 B B
3 5 7 4 5 D
7 5 0 7 0 B A
5 4 6 1 4 B
4 7 4 9 0 A A
1 2 5 5 0 B B
2 1 7 7 7 R
5 9 4 6 8 Y
4 0 5 7 R
4 4 3 5 8 B M
7 2 2 4 5 B
4 3 8 0 0 A A
1 4 9 0 D D Y
2 2 0 4 R R
9 1 6 5 5 S
5 8 2 7 9 B B
5 1 6 0 3 B B
7 6 0 2 9 H
1 5 6 1 2 H
7 1 4 7 8 B S
1 2 9 8 0 D D
9 6 5 5 1 R
8 7 7 3 0 A A
4 3 9 4 7 A
8 1 6 2 5 R
5 6 1 5 9 A A
2 4 3 0 0 B B
3 1 9 0 4 B B
7 9 4 8 B M
4 4 4 6 0 S
4 4 2 6 0 S
4 7 5 5 6 S
6 6 9 5 6 A A
2 8 2 1 8 H
8 7 9 1 A A
5 6 3 0 8 A A
5 7 5 6 9 W
7 1 1 5 B Y
5 3 0 4 2 H
7 6 5 9 8 B B
6 6 3 0 7 R
9 6 7 4 6 Y
2 6 8 9 B D
8 7 6 9 5 A A
2 4 7 3 7 R
2 2 2 1 5 Y
8 7 4 9 6 M M
4 3 5 6 0 Y
6 3 2 5 8 M
3 5 3 8 2 S
8 4 0 0 6 Y
5 6 8 9 9 Y Y
6 5 2 4 7 R D
4 4 2 8 A
4 2 9 4 9 R
9 4 5 5 8 B B
3 6 3 8 7 B B
8 9 4 0 7 B B
9 4 0 0 D S
6 6 6 3 0 Y
7 8 3 5 8 W
7 7 4 7 2 K H
2 4 5 7 9 B B
2 9 7 2 8 S D
7 7 5 B S
3 3 7 5 0 R
8 5 3 8 0 B S
8 0 4 7 8 D D
5 7 6 8 5 W
7 8 2 7 6 H
4 2 9 4 1 4 A
3 8 7 0 0 A D
6 0 7 2 4 B 8
8 3 4 0 2 H H
5 8 4 3 8 A A
3 8 5 0 H