4 2 4 4 5 Y Y
4 4 7 2 4 W W
4 3 4 4 4 L A
4 4 8 4 M
4 4 8 0 D B
5 4 4 5 4 L Y
4 4 6 4 6 D B
4 5 7 4 9 L Y
3 9 4 4 M R
6 5 7 5 M R
4 4 4 8 4 H H
7 2 5 4 A B
2 6 9 7 9 A A
4 8 5 5 2 Y B
8 2 4 4 4 B B
1 4 7 4 4 M R
8 8 4 4 4 W B
9 7 7 4 8 W B
4 5 4 2 4 B B
5 6 4 9 W H
8 4 4 5 5 W Y
4 4 5 2 4 W B
8 7 8 4 W S
7 7 5 8 A B
6 4 4 5 4 S S
4 8 4 4 4 M Y
4 7 4 7 2 H
4 2 6 4 8 B
4 0 5 4 6 D
8 4 2 4 4 M Y
2 5 4 2 B M
4 6 2 2 4 H Y
9 7 7 8 4 H S
2 5 7 5 A
6 6 4 6 A B
4 4 5 2 5 D S
8 6 4 7 4 M
4 4 0 4 A Y
2 2 8 5 A B
8 7 5 2 4 M Y
4 7 4 8 4 H Y
4 3 1 4 W B
3 4 4 4 A
4 0 5 4 L Y
2 4 4 8 4 A B
4 4 4 9 A D
5 8 0 2 2 M S
4 7 7 5 4 L S
4 4 8 3 5 A Y
8 5 2 4 4 R
5 4 4 4 6 Y
9 7 4 0 4 A Y
8 6 4 2 5 D A
4 5 7 4 4 M M
4 7 8 5 4 B B
3 1 6 4 5 Y W
4 5 4 9 5 W
5 5 8 2 B R
4 4 7 4 4 W
5 9 8 0 A D
8 7 9 2 B S
4 8 8 4 4 D D
4 4 4 5 M M
4 4 4 2 3 Y
9 8 0 8 8 M
5 4 5 4 B 4
8 4 5 4 5 S Y
3 4 4 5 8 A S
4 9 4 5 A S
2 2 4 8 8 A Y
4 3 8 9 4 W
8 7 2 4 4 L B
4 9 4 4 4 A W
4 4 4 8 M Y
4 4 4 2 8 M Y
4 5 4 8 4 H B
3 4 4 4 S S
4 4 2 4 4 M A
0 2 8 2 4 B B
9 7 5 6 D S
8 8 5 4 H W
5 4 4 4 L Y
4 7 8 7 4 L B
7 8 4 4 4 D
4 8 4 5 H M
1 7 4 8 2 M S
4 6 5 4 4 B B
4 4 4 5 A M
2 2 5 2 A B
5 7 7 6 D H
6 5 5 6 6 D
4 4 2 5 6 A B
3 7 4 9 8 W S
3 7 8 6 D R
8 6 4 5 8 M A
3 1 2 8 4 A S
2 4 8 8 4 H S
8 3 4 8 0 L S
4 2 2 4 2 L Y
8 4 4 2 4 L Y
4 2 4 4 M
1 2 4 8 4 L A
4 4 5 1 5 W D
1 6 4 4 Y S
4 5 2 4 A D
8 7 5 0 0 S H
8 1 9 2 8 L A
4 5 8 5 M B
4 4 7 7 6 D B
4 7 8 5 4 R W
5 5 0 4 4 A B
4 4 9 4 A A
4 7 9 8 5 Y Y
4 5 4 4 A D
6 0 7 4 6 D B
7 0 4 3 2 H Y
4 4 8 7 4 M B
4 5 4 4 A S
4 5 6 4 4 M M
8 4 4 4 6 L S
7 4 4 4 8 A
2 4 4 5 4 R
3 4 4 4 L L
4 4 4 8 4 W R
2 0 2 8 W A
1 6 4 5 4 M A
7 2 4 6 A D
4 4 2 4 4 M Y
4 4 8 4 A S
4 4 7 5 4 A B
4 4 7 5 4 A B
8 6 4 2 4 B R
8 4 4 4 M B
8 2 4 5 2 L S
4 4 1 4 8 A B
8 2 7 2 8 S
8 7 6 4 2 A
8 8 8 4 3 H Y
5 5 4 4 4 H W
6 4 4 3 4 M B
8 0 7 6 L W
3 3 4 4 S
4 5 8 8 4 A A
8 7 5 4 8 D B
4 8 0 5 4 A W
0 5 8 2 L A
5 4 4 6 4 B B
8 7 4 5 A A
8 4 1 9 D S
8 5 4 8 A B
4 6 4 4 3 D B
4 2 7 4 A Y
8 9 5 5 4 W
8 9 8 4 4 A D
3 7 8 B B
8 8 7 2 D Y
4 7 5 5 M A
4 2 5 4 4 A B
4 6 4 8 M B
5 5 4 2 W B
8 4 7 9 A B
3 7 8 4 4 H Y
4 4 0 7 9 A Y
4 4 8 4 2 M Y
4 4 8 2 A Y
4 3 4 4 8 D Y
8 3 8 4 2 A R
4 4 6 4 B Y
0 8 8 8 6 W A
8 3 5 0 9 A A
8 7 4 8 8 A S
3 7 5 5 4 D
4 9 5 8 4 W W
4 5 4 4 6 M Y
2 8 9 4 3 S S
5 7 4 9 4 A A
4 3 4 3 6 D H
9 3 4 4 S Y
4 7 2 4 4 H B
5 5 4 4 4 B D
4 5 4 9 4 L Y
4 7 7 7 8 A Y
3 4 4 4 A S
8 8 4 2 B B
4 1 6 5 2 H R
4 7 7 4 B Y
5 7 7 9 2 W B
4 4 4 2 A S
4 7 4 9 5 T S
8 7 4 4 4 R
4 9 2 4 A S
1 2 4 4 A A
4 8 4 4 L S
8 8 4 8 M S
8 9 1 4 8 D B
6 9 0 4 4 M Y
4 4 7 8 4 M Y
6 2 4 8 Y S
9 9 5 8 A B
4 8 4 4 6 L R
9 7 8 4 4 Y B
4 4 2 4 4 D A
3 4 4 4 S Y
4 4 4 5 4 W
3 7 7 7 Y Y
8 4 8 4 4 D B
4 4 4 1 4 B B
8 8 5 4 4 B B
4 7 2 5 A B
4 4 0 2 A
0 8 7 2 M M
5 4 8 5 8 H R
7 7 8 4 4 S S
1 2 4 5 4 K B
6 6 4 5 A A
3 7 3 7 D H
4 9 2 4 2 S
8 4 4 4 5 A S
4 8 2 2 4 S S
4 7 8 5 4 L Y
1 4 4 4 A A
6 7 5 8 W W
3 7 0 8 8 A A
7 7 5 7 4 M S
3 7 9 5 A A
2 7 8 7 A D
8 2 2 4 8 W B
4 7 7 8 4 W B
4 4 4 5 Y Y
4 5 4 4 4 M W
4 4 8 4 8 B
9 9 8 5 L B
8 4 4 8 4 A Y
7 7 5 6 D S
3 4 4 A S
1 9 4 S R
4 9 9 8 W R
5 5 0 0 2 A B
8 1 9 9 6 Y D
8 7 4 4 4 A
9 4 4 4 A B
4 5 5 4 2 A R
4 4 7 6 A Y
4 8 4 4 4 L K
7 7 0 3 4 M B
4 7 8 4 5 H D
4 4 5 4 D H
7 7 0 8 W M
5 4 7 5 A D
4 4 4 8 4 A B
8 3 9 8 L B
8 4 2 3 7 B
4 8 7 2 4 B S
4 3 4 4 L R
8 5 4 4 M S
5 4 8 0 4 M
4 4 4 3 9 L Y
3 8 0 8 A A
4 9 4 7 4 A A
2 8 7 8 H B
5 5 4 4 H S
4 7 8 6 D M
4 2 4 4 4 S R
9 8 4 8 8 A B
9 0 4 7 A R
8 7 4 4 4 A
8 9 4 0 R M
4 7 6 7 2 M M
4 7 6 8 L Y
4 4 4 0 2 K Y
9 7 8 5 4 S
4 4 4 2 Y
7 7 7 5 D S
5 8 8 9 M S
1 8 8 4 4 Y Y
4 2 4 8 D B
4 4 2 2 A B
2 8 4 4 Y Y
4 4 4 2 4 B R
4 8 4 5 4 W H
6 8 4 5 5 A S
7 7 8 2 2 D Y
9 7 4 4 9 A A
4 4 7 4 A W
4 7 7 8 W W
4 2 4 6 9 B
4 8 8 4 5 A W
5 4 4 4 S S
8 4 0 4 B
4 7 4 5 S T
4 8 4 4 4 M S
4 5 8 8 4 R B
8 8 0 2 8 D B
4 8 7 4 5 D
4 2 7 4 4 Y B
8 7 8 5 4 M S
4 7 6 2 6 W R
8 2 3 4 8 M Y
1 4 4 8 4 D B
8 4 8 4 Y Y
5 4 7 8 8 D H
8 2 4 8 6 W T
4 5 4 4 9 A B
6 0 4 4 4 M Y
4 5 5 8 A D
8 2 5 5 2 M R
7 8 4 7 3 Y Y
8 7 4 4 D D
4 4 9 4 5 M
4 9 4 8 4 A A
8 8 5 4 6 T S
3 7 4 4 M B
4 2 4 4 4 W
4 4 9 4 4 S
4 4 5 4 A T
1 3 8 4 B B
4 9 8 4 H A
4 4 7 5 A B
4 6 6 6 M W
4 4 4 2 S Y
8 8 7 8 A Y
4 5 8 2 3 S S
4 7 7 2 4 L Y
4 8 7 8 L B
4 7 4 8 D B
4 4 5 4 H R
4 4 2 4 4 A Y
8 8 8 4 M A
3 4 4 5 M Y
1 9 4 4 4 H S
8 4 7 8 2 L L
8 6 7 4 4 Y B
4 7 4 8 A Y
3 9 4 4 5 S
8 7 7 4 4 W Y
9 4 4 4 9 B B
4 8 7 0 4 Y
8 5 4 9 M Y
4 4 8 5 A H
8 7 7 8 4 H H
4 0 7 4 8 D S
4 4 5 8 4 S S
8 9 5 4 M Y
4 5 4 2 5 L D
8 5 5 4 0 D B
4 7 8 6 R Y
1 5 6 6 S Y
1 9 4 2 S
4 5 4 4 4 S S
4 8 8 4 5 D S
8 5 8 3 S
8 2 2 4 4 B Y
4 7 7 5 4 B R
1 1 8 5 4 S S
4 4 4 9 0 D Y
4 5 4 0 2 B B
4 7 4 3 4 D S
4 6 4 4 4 D D
8 4 4 4 A Y
4 4 4 8 4 S Y
4 5 5 2 4 H
8 7 4 6 D D
8 7 3 9 2 4 M
8 7 3 5 4 R R
5 2 4 4 A W
1 4 4 2 A
7 7 4 4 6 R
3 7 4 5 4 L Y
3 1 7 9 4 M M
4 2 4 4 4 B B
4 9 9 5 4 Y
4 8 4 2 6 D S
3 4 4 5 B Y
9 5 8 7 A S
4 3 4 8 B W
8 8 4 4 4 H S
8 8 4 6 A W
2 7 7 5 4 H Y
4 4 8 R
1 7 7 4 4 M
8 4 4 4 2 M Y
6 1 4 8 4 M S
8 7 4 5 4 T R
4 7 7 8 2 B B
8 9 4 8 A B
4 5 7 8 4 S
8 8 4 4 2 D Y
4 8 4 4 5 A D
8 8 4 2 9 A A
9 4 4 2 4 W T
4 9 4 8 A Y
7 2 3 2 R W
4 2 4 4 4 L M
8 8 5 5 A Y
6 4 7 4 4 M B
8 9 6 4 B A
7 7 0 0 M M
5 8 4 8 A A
4 5 4 4 4 L B
8 5 2 0 H
3 5 4 4 S B
8 4 4 4 A S
4 4 8 4 Y H
4 5 2 4 A S
4 8 4 4 M S
7 4 5 4 6 M A
4 4 7 9 2 H H
5 7 8 2 4 D H
4 4 4 5 4 H D
4 4 4 9 4 Y S
4 1 8 4 4 L S
4 4 7 2 8 A A
4 4 0 4 9 A Y
5 5 5 6 4 H
2 4 4 8 4 M S
0 7 5 4 9 S S
9 0 8 A S
4 5 4 2 B S
3 4 4 4 A H
5 3 7 3 B B
8 5 7 6 M A
4 4 4 2 4 M M
4 4 7 8 4 H Y
7 2 8 5 A B
8 3 4 8 4 B B
5 5 4 7 4 W S
4 4 4 5 3 H S
5 4 6 4 4 B
4 4 7 4 4 A M
4 3 5 5 W B
8 4 5 4 4 M S
4 5 9 4 6 M B
4 4 4 5 2 R T
4 4 4 8 4 D Y
7 5 1 4 4 H S
4 3 5 4 A A
4 8 4 9 4 D Y
2 2 7 4 B R
8 9 4 6 4 M S
8 8 7 9 4 B B
8 8 6 6 4 B B
4 7 4 8 2 H H
4 5 4 2 M
8 7 7 4 4 M B
4 2 2 8 4 L B
1 4 5 5 L R
8 8 7 7 B A
4 9 4 4 4 L A
8 8 4 5 M B
4 5 6 4 5 Y A
5 4 5 4 W S
4 3 1 9 4 W D
4 8 4 4 M M
8 4 4 4 8 A S
4 4 4 8 A S
4 7 5 5 6 S B
6 6 4 5 6 A
2 8 7 4 8 H
8 8 5 4 4 B
4 5 4 8 4 A A
4 7 5 8 4 M
7 4 1 5 B
1 8 0 4 4 B S
1 7 6 5 8 B B
6 6 3 4 2 R
4 6 7 4 6 D Y
4 4 6 4 4 B D
8 9 8 5 2 A A
3 4 4 4 B L
2 2 7 2 2 W Y
4 8 4 5 A W
4 4 5 4 4 W S
4 6 2 4 8 W W
3 5 5 8 A S
8 4 0 4 4 Y
4 3 4 4 9 L Y
8 4 5 2 5 H B
5 4 2 8 A
4 4 4 9 4 R Y
8 4 4 5 8 B B
5 6 5 8 B B
8 0 4 8 B B
3 4 4 4 6 S S
4 6 6 4 0 Y
4 7 8 5 M M
7 4 5 5 4 B
8 2 4 5 9 A B
2 7 7 2 L S
1 4 4 4 A A
4 1 4 4 3 L R
4 8 5 8 B S
8 8 4 7 M D
8 5 7 8 4 M M
5 7 8 2 4 D H
4 2 9 4 4 A A
4 8 5 4 M S
6 8 4 4 4 A S
8 8 5 4 4 K R
5 7 4 4 8 D A
3 8 8 4 H