4 2 2 L
4 1 7 2 L
1 1 4 4 W L
1 6 4 4 L
1 6 7 0 B

2 6 6 0 6 S B
5 7 6 9 L
7 9 4 5 H L
5 3 7 5 L
4 5 5 0 L
2 4 4 0 A
2 6 9 7 7 A

9 4 2 L B
7 2 2 L
8 1 4 4 L B
7 2 1 5 D
5 4 4 2 L D
3 1 0 5 7 L
2 4 1 1 7 L
4 5 2 2 L
1 1 3 0 L
7 T
4 4 2 S
4 4 6 4 A
4 4 2 2 L
4 2 6 4 8 B
1 5 7 0 D
4 4 2 7 M
2 5 0 2 R M
4 2 1 2 L
9 1 1 8 B B
2 5 7 5 7 S
6 1 1 6 2 L B
4 4 2 2 5 L R
2 2 4 7 S
7 4 2 5 W
2 2 1 5 L B
7 5 2 2 H W
1 3 2 8 D H


6 0 5 2 L
2 1 1 1 2 L
1 1 4 2 L
9 1 1 7 2 L
7 7 5 7 L
4 3 3 3 H
5 0 2 4 4 R
4 4 4 6 M
1 7 3 2 2 L
6 4 2 0 D
1 7 5 S
H 7 6 3 L M
1 6 1 5 L
5 6 3 3 D
5 6 8 2 B H
4 7 7 2 M
9 7 8 0 L B
7 2 L B
6 3 1 4 4 L
6 1 4 5 5 L
4 4 1 2 L
7 8 0 5 8 M
4 4 5 Y
3 4 1 5 M

9 9 1 5 L
2 1 1 8 B
4 8 8 2 T W
7 2 4 4 L B
4 4 1 4 A
4 1 4 2 8 M
4 2 4 2 8 H
4 1 6 5 5 L
4 4 4 M
4 4 1 4 7 L
4 8 2 4 B
9 1 3 6 D B
8 1 5 0 H
4 4 9 2 L M
7 8 8 2 9 Y
7 8 0 2 4 B
4 8 1 L H
7 6 1 0 2 Y
6 5 7 3 B B
4 2 2 5 L
2 5 2 S H
5 7 2 L
4 1 1 6 L L
4 2 5 S D
1 5 3 9 L
3 2 2 6 D
8 6 5 0 B A
1 2 2 8 2 A A
2 1 3 0 L B
4 1 1 0 D
1 2 2 1 L
2 2 2 7 Y
6 1 2 2 0 Y
1 4 6 L A
4 3 1 1 L
6 1 1 4 Y
7 1 1 2 L B
7 5 5 0 D
1 1 2 2 D
5 6 2 D
4 4 7 7 D B
7 5 2 0 L R
5 1 2 0 2 A B
4 4 1 2 0 A A
3 9 9 5 L
4 4 L
4 1 2 6 0 W D
2 4 2 2 L
4 4 7 5 M
9 7 5 4 L D
1 3 6 4 W
4 4 4 6 6 S
5 9 4 6 B
7 4 2 5 2 A
4 3 4 7 R
4 4 4 8 L
2 1 1 2 3 Y
4 2 3 6 L A
1 2 0 5 L
4 4 4 2 M
6 4 4 4 A S
4 7 2 2 L
4 7 2 2 L
7 6 1 2 H B

1 1 2 6 D
4 1 1 0 2 L
2 2 7 2 D S
5 2 6 3 2 L
4 1 6 D
5 2 8 5 H
4 4 4 2 M
8 0 7 6 L W

3 5 8 2 A
1 7 5 6 4 D B
4 1 1 7 0 L
4 1 2 2 L
4 4 6 3 W B
7 7 4 6 A
1 1 2 1 B
7 1 9 5 L B
4 4 7 4 2 L B
2 2 2 4 W
9 9 9 5 5 L
9 1 9 7 L
3 7 2 6 L D
8 7 2 2 D
1 3 5 5 M
4 7 4 2 2 A
6 4 7 7 L
5 3 7 2 D B
1 1 7 2 M
3 2 2 8 2 M H
4 0 1 2 7 L
4 6 3 2 H
4 1 2 2 L
1 1 4 7 B Y
1 5 0 0 7 L
4 9 6 4 B
1 8 8 3 S M
4 3 0 7 Y M
T
7 7 5 L B
9 5 1 5 B

4 4 2 4 L B
1 7 4 0 0 L

4 9 4 4 L
3 2 2 2 D B
5 3 4 4 4 B
1 1 7 9 L
2 7 7 7 0 Y T
1 4 2 L R
4 1 1 7 2 B
1 1 5 2 H
7 7 7 4 L
4 5 7 2 2 L
4 4 2 2 M
1 1 1 7 5 M
1 9 3 4 5 R
1 2 2 L
2 2 2 4 M M

1 1 4 6 B S
9 1 1 2 B B
9 4 1 4 M
4 4 9 2 2 M Y
4 2 1 7 B
1 1 2 0 D
8 9 7 1 5 D
1 1 2 7 2 L
4 1 2 2 L L
4 2 4 3 D
4 0 6 3 0 M
5 7 7 3 Y
4 5 5 4 W
4 4 2 1 S
8 1 2 2 H B
2 2 5 7 L L
4 1 7 2 2 M
1 H 3 2 5 M M
4 1 1 5 6 D
4 5 7 4 L
2 1 0 5 L
6 6 4 3 L
1 3 2 7 B
5 2 2 L
9 9 4 2 A
4 1 2 2 L
1 0 5 0 L
4 4 L
7 9 5 3 B W
3 3 0 8 8 D A
7 3 7 7 4 L
3 7 2 5 A
1 9 2 7 A
2 4 2 2 2 Y B
4 7 7 9 0 L

5 1 2 4 L
4 4 6 8 B
7 8 6 3 L B
4 4 1 1 7 A
7 3 5 6 L


4 8 7 7 L
1 5 2 0 D B
1 9 7 B B
2 4 4 5 A
4 4 4 L B
4 4 6 9 9 L R
4 1 2 7 6 L
8 6 1 2 L
1 1 3 2 A
1 1 2 6 L L
5 3 3 B
7 1 0 0 L M
5 1 2 7 3 L
4 4 3 0 L B
1 9 2 B
8 4 2 3 2 L B
1 2 3 7 2 T B
2 5 5 H L
1 9 1 L L
8 8 2 0 L
4 9 2 2 A
3 8 0 5 0 A A
2 9 4 7 2 A
2 8 7 7 3 D B
1 3 2 2 L
4 2 2 6 D M
4 4 4 2 S
7 1 2 6 7 D
2 0 0 0 B R
5 1 1 1 0 L A
9 4 1 0 R
7 6 7 3 M
7 6 2 5 L
4 5 5 0 2 L
2 2 6 5 L
4 4 2 M
9 7 7 0 B

4 1 7 7 L
4 2 2 B B
1 1 2 2 L B
4 6 4 4 D
4 4 2 2 B
8 4 3 9 W H
1 1 2 2 5 W A
7 7 2 2 L
9 1 3 4 D A
4 4 1 0 D W
3 3 7 5 B W
3 9 6 2 D
4 4 8 4 6 L
5 4 2 3 S
4
4 2 1 2 L
4 1 1 L
5 8 6 8 B B
9 1 2 0 D B
4 9 4 6 D
2 2 4 L
H
1 7 1 2 1 D
2 2 2 6 7 L
1 1 1 8 4 W B
4 5 0 M
3 9 7 2 B
4 1 6 6 L H
4 1 5 6 D
4 1 0 4 M
3 1 3 6 1 H B
2 1 5 1 2 A B
7 8 1 7 3 Y
1 7 4 D D
4 3 9 2 5 M
1 9 1 3 5 A
1 1 5 7 6 W
1 2 7 7 W
4 2 4 6 0 L
4 4 2 4 A
4 4 2 2 L

9 5 0 4 L
4 4 L D
6 6 6 M

8 7 5 8 T Y
1 5 2 2 L
4 1 7 4 4 Y
1 8 3 8 L
7 5 4 3 B B
4 4 5 9 H B

8 8 6 9 D M
3 4 1 B
4 5 2 0 L H
3 4 7 3 2 L
4
2 9 0 2 L
4 4 7 4 2 L
4 1 2 2 A M
7 4 4 4 0 B B
4 8 2 0 L L
8 3 4 2 9 M
1 6 1 2 L
2 1 7 8 4 L
5 0 7 4 B B
4 1 1 0 2 L
4 9 1 7 3 L
9 4 2 B L
8 1 5 7 6 D B
4 7 8 L R
4 6 6 6 L H
9 2 2 2 S
9 4 4 A
8 8 2 1 L B
8 6 6 3 3 S
4 2 4 3 D
3 7 7 5 L
1 5 5 L
1 4 4 0 L Y
3 3 0 2 B B
7 7 7 5 5 D
9 1 2 2 W
4 7 1 4 4 M
4 4 4 5 S
5 5 2 5 4 H
3 6 6 H B
4 4 3 5 2 M
8 7 7 3 2 Y R
4 4 4 A
4 3 7 2 L
7 5 4 6 D
2 1 5 A
1 1 2 7 D
4 4 4 6 5 L B
4 1 2 2 L
8 0 2 2 6 D B
3 6 4 5 B Y
5 1 6 5 1 L
4 1 1 2 B W
4 9 9 0 7 H D
4 8 4 6 A
7 7 2 5 5 A
1 8 3 R

1 4 5 1 D W
6 1 1 8 7 H S
5 2 3 1 5 L
7 1 2 2 D
1 8 0 4 8 D
4 5 2 5 2 S
1 1 1 4 L B
4 4 2 2 A
5 9 2 2 7 Y A
4 2 2 2 7 L
4 4 1 7 2 A
7 2 3 2 R H
2 3 1 2 2 A
2 8 1 5 5 L
7 7 1 A L
9 6 0 D
7 2 0 0 M M
5 8 4 3 A
4 4 2 6 7
8 5 2 0 H
4 4 1 5 B
4 4 4 L L
4 8 8 2 D
4 2 2 4 A
4 L L
1 9 7 0 L
6 7 9 2 L
7 8 2 1 D H
4 7 4 5 L W
4 4 4 7 9 L
1 5 9 0 L
4 7 2 7 D A
4 2 4 4 A

4 4 4 2 4 S
7 5 7 5 Y
9 1 0 6 L B
4 5 9 4 2 L D

6 3 7 7 B B
3 5 7 0 L A
4 4 7 7 A
4 4 8 2 2 H Y
2 3 8 5 D A
3 1 1 5 L B
3 3 7 4 L
4 4 2 0 W A
5 4 6 1 4 B

1 2 2 5 L
9 1 2 7 5 L
5 1 1 4 L
4 4 7 5 D R
4 4 4 5 0 B
7 2 2 1 4 L
4 7 7 0 D
1 1 4 9 0 D Y
2 2 2 0 L B
9 1 6 5 L
5 8 2 2 7 Y B
5 1 6 0 L B
7 1 1 2 2 L
4 6 1 2 M
7 7 2 2 S
1 2 9 L B
1 6 6 5 L R
1 7 7 7 D
4 1 9 9 D
8 1 6 2 5 L
1 5 6 4 5 S
1 4 5 0 L
1 1 2 0 4
1 4 4 L S
4 4 1 6 0 S
4 4 2 5 L
4 1 5 5 6 D S
4 6 1 7 5 L A
2 8 2 1 8 L
1 8 1 7 2 L
5 6 0 8 0 A
3 6 6 0 M
7 1 1 5 L B
3 0 4 L B
7 6 5 5 B
6 6 3 0 7 B
9 6 7 7 6 D
2 6 2 1 B
1 8 7 6 2 L A
4 4 4 2 B
2 2 4 2 2 L Y
8 7 4 9 W
4 4 1 0 0 W
4 5 2 5 8 D
3 6 3 2 S
1 4 0 0 Y
3 4 9 0 L
6 9 5 2 L
4 4 2 8 L
4 1 4 4 2 B
4 1 4 5 B B
3 6 3 8 B B
4
0 4 1 0 L S
6 6 6 3 0 L Y
1 7 8 2 5 D
4 1 1 2 2 H
4 1 5 7 Y B
2 7 7 2 D
4 4 L
1 4 4 0 D
8 5 8 8 B
4 1 1 7 B
4 1 7 6 8 L
7 8 2 1 D H
4 2 9 4 4 A
6 8 3 0 M D
4 1 7 2 4 W B
8 3 5 4 L L
4 3 4 2 D
4 5 5 0 M