4 2 6 4 2 2 D
4 3 3 7 5 D H
4 3 5 6 5 S
9 9 6 2 5 H H
4 1 0 1 7 D M
1 6 2 1 5 H W
7 7 7 3 7 D
9 4 3 4 B
5 3 6 5 5 2 W
5 9 2 1 2 B A
5 5 8 7 2 2
1 1 3 1 8 B R
8 6 6 0 0 B A
6 6 9 0 1 R
4 0 8 8 3 B A
3 3 0 6 5 D
6 6 4 3 5 S
9 9 8 2 5 D D
5 4 3 9 3 A
5 0 0 5 1 R A
1 8 0 7 3 D K
4 8 9 2 2 W W
5 4 4 6 3 D D
1 1 6 4 2 2
5 5 5 5 7 Y
3 3 3 1 1 L H
5 5 5 2 4 A A
1 3 3 7 1 S
8 8 8 4 3 D B
4 3 5 2 8 8 D
1 6 6 8 4 A A
3 3 3 7 4 D A
3 3 8 7 4 A A
5 5 5 3 6 D
8 6 5 2 2 2 L
7 7 0 9 8 A A
2 3 0 1 1 D D
4 7 7 6 8 2 D
5 2 7 5 5 A A
1 5 6 7 7 D
6 6 2 3 5 3 A
6 6 6 8 4 A A
4 9 9 7 9 S
4 6 3 5 2 R R
4 7 7 3 7 D
5 5 8 2 3 D Y
7 3 8 1 1 R
4 4 3 6 0 M M
4 5 6 6 7 D R
2 2 7 6 8 K
1 5 7 9 9 9
7 7 7 4 2 K
5 2 2 8 8 M
8 5 5 8 7 7 R
8 6 2 8 7 B R
7 7 5 1 5 B B
6 9 6 4 4 H H
4 4 3 3 9 D A
4 8 8 5 3 K
4 4 8 2 8 8 M
4 5 5 2 4 M L
5 3 7 9 5 5 A
2 5 5 2 R W
4 0 0 0 8 8 R
7 7 5 7 7 M
4 3 1 3 9 S A
8 8 7 7 6 6 B
5 M M
4 3 3 0 1 B S
 3 3 2 3 A
4 8 0 4 8 B D
4 4 7 3 0 Y A
4 3 6 3 3 A
3 2 2 5 0 R R
8 8 7 9 8 K M
4 5 5 3 3 S S
7 8 8 5 3 L
7 9 9 5 5 K
8 8 6 0 0 0
6 6 2 8 7 7 M
4 7 3 3 3 H
4 1 1 5 8 B A
6 6 6 8 6 6 A
3 7 1 1 3 3
4 5 8 8 8 Y A
5 5 8 6 3 3 A
2 2 3 2 2 K
4 3 4 4 3 M M
7 9 9 4 8 R
4 6 2 2 5 3
7 7 4 7 7 L D
 5 3 0 Y Y
4 4 8 8 3 3 A
5 8 5 3 6 A A
5 5 5 2 6 6
1 1 5 2 9 B S
4 4 5 5 7 M
7 5 5 8 7 B B
4 4 3 3 6 H H
5 5 1 8 8 8 M
4 6 2 4 2 2
5 8 5 5 6 A A
7 9 8 6 6 Y
8 1 6 7 7 A A
5 1 1 3 1 M M
 1 1 1 4 H
1 5 1 5 5 S
3 3 2 2 5 R B
7 7 5 4 9 D
4 4 2 1 0 A A
4 4 3 0 0 Y
4 3 3 0 7 A
8 4 4 5 5 M
5 8 0 1 9 D R
6 3 9 8 2 2 H
4 1 1 3 9 A W
5 2 2 6 2 A D
2 2 7 6 6 K
4 4 5 2 2 D
1 2 4 3 6 6 A
5 5 6 5 4 D A
1 9 5 0 2 L
2 8 8 7 4 H B
5 3 7 5 3 B R
2 2 5 6 2 D A
8 6 4 8 8 D
4 4 1 8 9 9 R
5 5 6 6 9 R
8 8 3 6 6 6 Y
7 8 8 2 7 7 R
7 6 9 0 2 W W
4 6 5 7 2 D D
8 8 1 3 3 D D
9 4 6 6 6 D A
8 8 9 3 4 H
3 3 1 1 7 H A
6 6 0 9 9 D
1 7 7 5 6 B
4 6 5 2 2 2 H
3 5 5 6 6 2
9 9 2 1 4 S
4 6 5 7 4 D D
1 5 0 8 8 Y R
4 3 3 2 6 D
3 3 9 7 7 H
1 0 3 7 3 H H
4 4 6 1 7 7
3 7 7 6 6 B B
2 6 6 6 0 D
7 4 3 1 A
3 3 1 0 0 D
4 4 3 6 3 D D
1 8 3 8 1 B
9 9 8 5 6 D S
4 1 1 4 6 Y B
 3 D
7 5 5 5 2 2
7 7 1 9 4 H H
7 5 5 6 W W
5 4 4 6 1 H A
1 9 9 5 3 B S
6 0 8 2 7 7 Y
3 3 2 6 6 H
6 0 0 8 2 A
4 3 3 3 0 S
5 5 0 2 4 D
9 9 9 6 6 6
4 1 1 5 5 H
4 4 7 1 8 B
 7 1 5 1 A
7 7 2 8 5 H H
4 4 4 8 5 M A
 3 3 3 M R
8 8 8 6 6 A A
3 3 2 6 6 K
5 0 4 2 0 H L
5 5 5 5 3 K
4 4 8 2 1 K
6 6 2 8 6 R Y
5 5 3 3 5 S
7 7 0 6 3 B
4 1 1 9 9 A A
 3 1 4 A
7 7 0 6 2 A Y
4 2 8 A A
4 4 7 7 7 A
1 1 5 9 4 D S
4 7 7 7 1 T
7 7 4 4 8 8 S
6 6 1 1 8 0 B
1 5 5 7 9 A
1 3 7 1 3 B
4 2 3 3 5 D
4 7 7 1 7 A A
1 1 1 1 3 M
5 5 5 9 9 R A
9 8 4 9 9 Y S
4 3 9 9 9 K
 3 3 3 9 D
4 2 2 8 8 4 A
7 7 3 4 4 Y
8 8 5 2 3 T L
4 6 6 5 5 T
1 1 6 5 2 H
5 9 7 7 6 L S
4 4 0 8 8 H S
4 6 0 9 2 H
5 5 5 3 3 S S
4 5 3 3 3 S
2 4 5 3 3 H
4 4 9 7 7 M L
3 6 5 7 2 H
5 5 2 2 7 R
9 5 5 4 1 A A
4 4 1 0 2 A D
2 3 0 5 2 B B
4 4 3 2 8 B
6 6 3 0 7 R R
9 9 9 8 0 5 D
4 3 6 9 3 A A
4 4 7 3 Y A
9 9 2 7 7 3 S
9 9 5 4 5 D
7 2 4 0 9 M M
5 3 2 3 2 D D
7 7 8 8 6 K
2 2 2 5 3 2 D
5 6 8 1 3 M
5 1 2 2 6 H B
1 1 1 2 3 3
 1 7 2 2 M
4 0 0 1 4 M L
4 4 1 7 7 H W
7 4 4 7 0 0 B
1 3 1 7 1 M
5 6 6 7 3 K
8 8 1 9 7 A A
5 4 9 7 3 M
1 3 2 9 3 S
8 0 7 8 7 7
6 6 1 0 4 D
7 7 7 7 3 3 D
3 3 9 9 7 Y
8 3 1 0 2 D B
5 5 7 4 4 H
4 7 7 1 7 A Y
7 7 7 5 3 K
8 3 3 9 2 K
3 3 7 3 8 B
8 8 8 3 1 1
4 8 8 0 0 D
7 7 7 3 3 L
4 4 1 7 2 2 S
6 4 9 2 5 B B
2 2 8 3 1 H
4 1 5 9 7 D W
5 5 2 8 4 H R
2 2 3 6 8 A A
2 2 5 3 2 2
1 4 3 2 0 D
4 4 3 4 0 D R
4 0 1 2 7 T
1 3 5 5 0 D Y
8 8 7 9 8 K M
1 3 7 2 6 D
1 7 2 5 6 D
2 9 1 0 1 Y
4 4 7 5 2 2 A
9 9 6 2 2 R Y
1 5 5 5 0 A
4 4 0 5 S S S
8 8 7 7 2 D R
4 5 1 3 3 S T
6 6 6 7 5 A A
4 1 3 3 4 A R
1 3 3 9 2 L
7 1 0 9 6 K M
8 8 0 5 5
4 6 8 4 3 R R
7 7 8 3 3 D
1 1 1 9 7 7 H
2 2 0 6 6 K W
4 4 9 1 0 D A
4 4 6 7 6 S
4 3 3 3 1 T
4 4 1 3 3 M A
2 2 0 8 8 L W
7 7 5 0 2 2 A
1 8 9 9 5 H
4 4 3 4 8 B
 7 D D D
4 5 8 5 3 H R
5 6 0 9 3 L S
4 4 3 9 9 D S
5 9 9 2 M M
5 5 2 0 3 A
4 4 4 2 2 Y S
9 9 4 5 5 8 D
7 3 8 0 7 B B
1 4 5 5 2 2 R