9 6 6 5 6 6 6 2 6 6 3 6 6 8 6 6 9 6
2 2 2 2 9 2 2 7 2 2 0 2 2 2 2 9 9 2
2 2 2 A A S A A A M A A W A A D A
1 6 6 6 5 S S S Y S Y Y S S D S S
6 6 6 9 6 6 8 6 6 7 6 6 6 6 6 0 6 6
6 1 1 3 1 1 1 2 1 3 3 1 3 2 1 1 8 1
6 6 6 6 6 6 9 6 6 8 6 6 D
5 7 7 9 7 7 7 1 7 7 2 7 7 7 7 7 6 7
1 9 9 9 1 9 9 4 9 9 6 9 9 7 9 9 3 9
5 5 5 3 5 5 5 6 5 5 7 5 5 5 5 3 3 5
5 5 3 5 5 H H H M H H K H H R H H
8 5 8 8 8 B B B S B B M B B D B B
6 6 6 9 9 6 9 6 6 8 6 6 7 6 6 6 A A
8 5 5 5 3 5 5 D D S D D D
0 0 2 0 0 D D D Y D D
4 7 7 7 1 7 7 3 7 1 1 7 3 1 7 1 3 7
1 1 1 2 1 1 3 2 1 2 2 1 3 1 1 4 1 1
2 2 2 2 2 2 9 2 2 3 2 2 7 2 2 8 2 2
5 3 3 3 3 3 3 2 3 3 4 3 3 3 4 2
0 0 5 0 0 0 9 0 0 3 0 0 8 0 0 1 0 0
2 5 3 5 5 5 3 3 5 3 0 5 5 0 3 5 0 5
6 5 5 5 5 B B B Y B B S B B T B B
4 8 8 8 1 8 8 6 1 8 1 1 8 6 8 1 6 8
1 3 3 3 5 B B S B B B M B B Y B B
2 1 1 1 3 3 1 3 1 1 2 1 3 2 1 1 4 1
4 4 4 6 4 4 4 4 4 9 4 4 A A A S A A
5 6 6 6 9 6 6 1 6 6 8 6 6 7 6 6 2 6
2 2 2 2 2 2 7 2 2 8 2 2 3 2 2 6 2 2
6 5 5 5 3 5 3 3 5 5 7 5 3 7 3 5 7 3
1 4 4 2 4 4 4 9 4 4 4 4 4 3 4 4 6 4
5 5 0 5 5 5 W W H W W W M W W Y W
6 2 2 3 2 2 2 1 2 2 7 2 2 8 2 2 9 2
9 9 9 8 9 9 9 9 9 0 9 9 1 9 9 2 9 9
7 5 5 5 5 5 7 5 5 5 9 5 5
6 0 6 6 0 B B B R B B S B B H B B
4 5 5 5 2 5 5 5 5 5 3 5 5 D R R R
6 0 0 0 4 0 0 1 0 0 6 0 0 3 0 0 8 0
7 4 4 4 4 4 4 1 4 4 3 4 4 9 4 4 5 4
2 8 8 8 5 8 8 3 8 8 6 8 8 8 8 8 1 8
7 5 5 2 5 5 5 3 5 5 5 5 5 6 5 5 8 5
8 3 3 8 3 3 3 3 3 3 3 1 8 3 3 2 3 3 3 2 8
8 1 1 1 4 1 4 4 1 1 3 1 4 3 1 1 2 1
2 2 2 3 2 2 2 1 2 2 8 2 2 4 2 2 6 2
0 0 0 5 0 0 1 0 0 9 0 0 3 0 0 6 0 0
8 8 1 8 8 Y Y Y S Y Y R Y Y
4 3 3 3 9 3 3 6 3 3 5 3 3 3 3 3 D
8 0 8 8 8 S S S
7 7 7 7 5 D D M D D D T D D B D D
5 5 3 5 5 H H H
0 0 0 2 0 0 8 0 0 3 0 0 1 0 0 4 0 0
2 2 2 2 6 2 2 3 2 2 1 2 2 7 2 2 2
3 3 3 5 3 5 5 3 3 0 5 3 0 3 5 0 3 3
6 4 4 4 2 4 4 4 4 4 4 4 4 4 3 4 4 A
4 3 3 9 3 3 3 2 3 3 1 3 3 8 3 3 4 3
7 7 1 7 7 7 7 7 7 8 7 7 6 7 7 2 7 7
6 6 6 9 6 6 8 6 6 0 6 6 5 6 6 6 W W
6 6 5 6 6 6 9 6 6 3 6 6 8 6 6 1 6 6
5 8 9 9 9 8 9 8 8 8 9 3 9 8 3 9 9 3
6 5 3 5 5 M M M H M M W M M K M M
7 7 8 7 7 7 1 7 7 7 7 7 B
7 9 9 9 B D D D M D D A D D W D D
3 3 3 8 3 3 3 3 3 2 3 3 1 3 3 D
1 1 1 2 1 2 2 1 1 4 2 1 4 1 2 4 1 1
6 6 0 6 6 6 9 6 6 8 6 6 5 6 6 2 6 6
8 8 0 8 8
9 3 3 9 3 3 3 7 3 3 8 3 3 3 3 3 5 3
4 4 4 4 1 4 4 3 4 4 6 4 4 9 4 4 4 4
6 6 5 6 6 6 8 6 6 6 6 6 3 6 6 A A A
9 9 9 9 5 9 9 3 9 9 S S S Y S S
1 1 8 1 1 1 9 1 1 6 1 1 3 1 1 2 1 1
8 8 8 3 8 S S S M S S T S S W S S
7 2 2 2 7 2 2 2 S S S B S B B S S
8 7 7 7 1 7 7 9 7 7 7 7 7 8 7 7 2 7
8 2 8 8 8
8 8 2 8 8
6 6 0 6 6 6 8 6 6 5 6 6 6 6 6 9 6 6
1 5 5 5 6 5 5 1 5 5 S S S W S S Y S
2 2 2 3 2 3 3 2 2 1 3 2 1 2 3 1 2 2
3 3 1 3 3 3 2 1 3 1 1 3 2 3 1 2 3 3
8 5 8 8 8 B B B
8 5 5 5 5 Y Y Y W Y Y S Y Y R Y Y
3 4 4 4 9 4 4 4 4 4 A A A S S A A
8 8 8 8 8 M M M S M M H M M W M M
8 0 8 8 8
8 8 8 8 8 H H H K H H M H H R H H
6 6 6 9 6 6 0 6 6 8 6 6 6 6 6 2 6 6
5 5 5 0 5 5 3 5 5 5 5 5 8 5 5 6 5 5
1 1 1 2 1 1 3 1 1 6 1 1 9 1 1 1 1 1
2 5 5 5 3 5 5 2 5 5 5 5 5 6 5 5 R W
5 7 7 7 2 2 7 2 7 7 6 7 7 T M M M H
6 5 3 5 5 B B S B B B M B B H B B
4 3 3 1 3 3 3 2 3 3 5 3 3 6 3 3 B B
8 8 8 6 8 H H H
3 2 2 2 6 2 2 2 R R R D R R T R R H
6 6 6 5 6 6 8 6 6 6 6 6 9 6 6 A A A
2 2 2 2 2 2 A A A H A A W A A D A A
8 8 5 8 8
7 7 7 1 7 7 8 7 7 3 7 7 7 7 7 2 7 7
1 2 2 2 7 2 7 7 2 2 3 2 2 2 2 2 9 2
9 2 2 2 3 2 2 1 2 2 2 2 2 7 2 2 8 2
2 2 2 1 2 2 9 2 2 7 2 2 3 2 2 2
1 4 4 9 4 4 4 4 4 4 1 4 4 3 4 4 6 4
4 3 3 3 1 3 3 8 3 3 5 3 3 3 3 3 7 3
6 1 1 1 4 1 4 4 1 1 3 1 4 3 1 1 9 1
7 1 1 1 3 1 3 3 1 1 2 3 1 2 1 1 7 1
5 5 0 5 5 5 9 5 5 5 5 5 3 5 5 8 5 5
9 9 3 9 9 9 5 9 9 9 9 9 2 9 9 8 9 9
5 6 6 6 5 6 6 6 6 6 Y Y S Y Y Y
4 9 9 7 9 9 9 6 9 9 9 9 9 B B B H B
7 8 8 8 8 8 8 W W W H W W M W W Y W W
0 0 0 1 0 0 9 0 0 8 0 0 3 0 0 6 0 0
7 7 4 7 7 7 A A A K A A W A A M A A
9 9 0 9 9 9 9 9 9 8 9 9 6 9 9 3 9 9
2 4 4 5 4 4 4 3 4 4 2 4 4 1 4 4 9 4
2 2 7 2 2 2 D D M D D D B D D S D
4 8 8 8 5 H H H M H H W H H B H H
2 7 7 7 1 7 7 2 7 7 5 7 7 3 7 7 9 7
8 7 1 7 7 7 1 1 7 1 8 7 7 9 7 7 8 7
3 3 3 3 3 3 5 3 3 8 3 3 6 3 3 B S
6 5 5 5 5 5 5 3 5 5 6 5 5 B
9 9 4 9 9 9 6 9 9 8 9 9 9 9 9 Y Y
7 4 4 4 2 4 4 9 4 4 3 4 4 4 4 4 1 4
2 2 2 2 7 2 2 3 2 2 1 2 2 4 2 2 9 2
4 4 6 4 4 4 4 4 4 3 4 4 1 4 4 8 4 4
0 2 0 0 0
6 2 2 2 5 A A H A A A M A A W A A
0 5 0 0 0
6 2 2 2 3 2 2 2 M M H M M M A M M
6 6 8 6 6 6 0 6 6 9 6 6 6 6 6 1 6 6
4 4 0 4 4 4 2 4 4 8 4 4 3 4 4 6 4 4
4 4 0 4 4 4 2 4 4 8 4 4 3 4 4 6 4 4
6 6 6 8 6 6 0 6 6 9 6 6 6 6 6 B B B
9 1 1 4 1 1 1 3 1 1 5 1 1 9 1 1 0 1
1 2 2 2 9 2 2 3 2 2 2 2 2 6 2 2 7 2
1 1 8 1 1 1 2 1 1 3 1 1 1 1 1 9 1 1
9 9 9 7 9 9 8 9 9 9 9 9 1 9 9 1 9
5 7 7 7 2 7 7 1 7 7 6 7 7 3 7 7 A
6 1 1 1 3 1 1 2 3 1 3 3 1 2 1 3 2 1
1 1 1 3 1 1 8 1 1 2 3 1 3 3 1 2 1 1
5 4 4 4 2 4 4 5 4 4 3 4 4 7 4 4 6 4
0 0 0 1 0 0 3 0 0 6 0 0 7 0 0 8 0 0
5 3 3 3 1 3 3 5 3 3 9 3 3 8 3 3 6 3
5 5 5 8 5 5 5 5 5 6 5 5 A A A M A
3 3 3 5 3 3 8 3 5 5 5 3 5 8 3 8 5 3
0 0 7 0 0 0 9 0 0 3 0 0 8 0 0 1 0 0
0 0 0 2 0 0 3 0 0 8 0 0 1 0 0 A
5 4 4 6 4 4 4 3 4 4 4 4 4 1 4 4 9 4
7 7 7 6 7 7 4 7 7 2 7 7 1 7 7 A A A
8 9 8 8 8
5 8 8 8 8 8 8 W W W H W W M W W Y W W
6 7 7 4 7 7 7 2 7 7 1 7 7 7 7 7 B B
2 2 2 2 7 2 2 8 2 2 3 2 2 R R
9 9 9 9 5 9 9 0 9 9 3 9 9 6 9 9 9 9
9 8 8 9 8 8 M M M H M M Y M M W M M
5 2 2 2 6 2 2 8 2 2 D R R R T R R
6 7 7 2 7 7 7 D Y Y Y W Y Y S Y Y
1 5 5 5 3 5 3 3 5 5 9 5 5 5 5 5 8 5
2 2 2 7 2 2 2 3 2 2 6 2 2 2 2 7 7 2
6 4 4 4 4 4 4 7 4 4 7 4 B B B S B B
5 3 3 5 3 3 3 2 3 3 3 3 3 3 1 3 B B B
1 9 9 9 0 Y W W Y Y Y W Y W H Y Y H
5 2 2 2 7 2 2 8 2 2 3 2 2 2 2 2 9 2
0 2 0 0 0
6 6 6 3 6 6 5 6 6 1 6 6 9 6 6 8 6 6
8 8 9 8 8
1 1 4 1 1 1 8 1 1 3 1 1 2 1 1 0 1 1
3 3 3 5 3 3 9 3 3 0 3 3 8 3 3 3 3 3
9 9 9 6 9 9 8 9 9 9 9 9 0 9 9 3 9 9
8 8 8 6 8
6 3 3 5 3 5 5 3 3 3 0 3 3 9 3 3 3 3
4 4 0 4 4 4 3 4 4 1 4 4 8 4 4 2 4 4
5 9 9 9 5 9 9 3 9 9 7 9 9 9 9 9 3 9
9 5 5 8 5 5 5 3 5 5 5 5 5 M M M
5 5 5 6 5 5 3 5 5 5 5 5 S
5 8 8 2 8 S S S T S S Y S S B S S
7 4 4 9 4 4 4 4 4 4 A
3 9 9 7 9 9 9 3 9 9 1 9 9 5 9 9 2 9
4 8 8 8 6 8 8 9 8 8 8 8 8 1 8 8 3 8
5 2 2 3 2 2 2 7 2 2 1 2 2 8 2 2 6 2
3 3 4 3 3 3 8 3 3 5 3 3 B B B M B B
6 7 7 7 1 7 7 9 7 7 8 7 7 0 7 7 3 7
7 7 2 7 7 7 Y Y S Y Y Y M Y Y R Y
4 4 4 2 4 4 4 4 4 3 4 4 4 2 4 S S S W S
8 8 8 8 7 8 R R R B R R H R R S R R
6 5 6 6 5 R R R T R R H R R Y R R
9 7 7 7 7 S S S B S B B S S R S S
5 7 7 7 9 7 7 2 7 7 1 7 7 7 7 7 8 7
2 3 3 3 5 A A A M A A H A A W A A
1 7 7 7 9 7 7 2 7 7 1 7 7 3 7 7 7 7
2 9 9 9 3 9 9 7 9 9 5 9 9 9 9 9 1 9
9 9 9 2 9 9 9 1 9 9 3 9 9 9 9 2 2 9
0 0 0 5 0 0 8 0 0 3 0 0 1 0 0 9 0 0
1 8 8 3 8 D D M D D D T D D B D D
8 8 8 8 8
1 1 1 2 1 1 3 1 1 8 1 1 1 1 1 4 1 1
9 5 3 3 3 5 3 5 5 5 3 1 3 3 7 3 3 1
7 7 7 2 7 7 7 7 7 1 7 7 8 7 7 H Y Y
6 2 2 2 7 2 2 2 S S B S S S Y S S
5 5 5 9 5 9 9 5 5 3 5 5 0 5 5 2 5 5
8 9 9 7 9 9 9 9 9 9 1 9 9 R
0 0 4 0 0 0 1 0 0 2 0 0 8 0 0 3 0 0
1 0 0 0 1 0 1 1 0 0 3 0 0 8 0 0 9 0
2 6 6 6 4 6 6 8 6 6 3 6 6 9 6 6 5 6
0 0 0 6 0 0 3 0 0 1 0 0 8 0 0 4 0 0
5 9 9 9 7 9 9 9 9 9 1 9 9 6 9 9 0 9
3 8 3 8 8 B B B H B B M B B S B B
3 3 0 3 3 3 3 3 3 8 3 3 1 3 3 B B B
8 1 1 3 1 1 1 2 1 1 8 1 1 1 1 1 4 1
8 2 2 2 5 B B B D B B T B B M B B
7 7 7 0 7 7 7 7 7 2 7 7 8 7 7 1 7 7
8 3 3 3 2 3 3 M M M H M M W M M K M
0 0 0 8 0
7 8 8 8 6 8 8 7 8 8 1 8 8 9 8 8 2 8
3 3 5 3 3 3 0 3 3 8 3 3 3 3 3 B B B
6 6 6 4 6 6 A A A H A A W A A M A A
1 7 7 7 5 H H H W H H M H H T H H
8 2 2 2 2 D D M D D D B D D S D D
9 4 4 2 4 4 4 1 4 4 3 4 4 A B B B S
8 1 1 1 3 1 1 7 1 1 2 1 1 9 1 1 1 1
8 8 5 8 8
2 4 4 4 3 4 4 5 4 4 1 4 4 2 4 4 9 4
7 9 9 9 5 9 M M M W M M H M M R M M
8 0 8 8 8 A A A
7 5 3 5 5 5 3 3 5 3 7 5 5 7 3 5 7 5
7 7 9 7 7 7 8 7 7 7 7 7 2 7 7 1 7 7
1 8 8 8 9 8 8 3 8 8 7 8 8 8 8 8 1 8
2 2 8 2 2 2 7 2 2 2 2 2 3 2 2 1 2 2
7 7 9 7 7 7 0 7 7 7 7 7 1 7 7 8 7 7
9 5 5 3 5 5 Y Y T Y Y Y S Y Y R Y Y
5 1 1 6 1 1 1 3 1 1 2 1 1 1 1 1 7 1
4 7 7 7 2 7 7 1 7 7 7 7 7 8 7 7 H
8 6 8 8 8
2 2 2 1 2 2 2 2 2 7 2 2 3 2 2 8 2 2
7 5 5 5 3 5 3 3 5 5 6 3 5 6 5 5 8 5
3 3 5 3 3 3 5 5 3 5 4 3 3 8 3 3 4 3
3 3 3 3 5 B B B Y B B S B B M B B
8 9 9 9 7 9 9 1 9 9 9 9 9 0 9 9 R
9 9 0 9 9 9 8 9 9 9 9 9 6 9 9 2 9 9
8 9 9 9 8 D D D M D D B D D Y D D
6 6 4 6 6 6 D D D R D D M D D B D D
1 1 1 7 1 1 1 0 1 1 9 1 1 3 1 1 4 1
8 5 5 5 5 5 5 3 5 5 6 5 5 2 5 5
9 9 7 9 9 9 9 9 9 6 9 9 1 9 9 0 9 9
6 6 6 8 6 6 9 6 8 8 6 8 9 6 6 3 6 6
0 0 3 0 0
0 8 0 0 0
4 3 3 3 5 R R R H R R S R R M R R
0 0 0 6 0 0 8 0 0 1 0 0 3 0 0
5 1 1 1 2 1 2 2 1 1 3 1 1 7 1 2 3 1
4 4 4 4 3 4 4 5 4 4 9 4 4 1 4 4 4 4
1 9 9 9 8 Y Y S Y Y Y K Y Y R Y Y
8 4 4 4 2 4 4 4 4 4 3 4 4 A
2 8 8 7 8 B B B H B B M B B D B B
5 5 5 5 5 5 6 5 5
5 1 1 3 1 1 1 6 1 1 9 1 1 4 1 1 8 1
8 8 8 2 8
3 4 4 9 4 4 4 3 4 9 9 4 9 3 4 4 5 4
8 8 0 8 8 A A A
9 9 9 4 9 9 A A A K A A W A A M A A
8 8 6 8 8 B B B H B B M B B S B B
4 6 6 6 0 6 6 3 6 6 5 6 6 1 6 6 8 6
2 2 2 2 2 2 W W W Y W W H W W M W W
4 6 6 4 6 6 6 8 6 6 2 6 6 9 6 6 1 6
1 1 1 2 1 2 2 1 1 3 2 1 3 1 1 7 1 1
9 2 2 2 9 2 2 0 2 2 3 2 2 7 2 2 8 2
4 7 7 7 1 7 7 Y Y Y S Y Y M Y Y W
9 4 4 1 4 4 4 3 4 4 4 4 4 A M M M W
7 6 6 7 6 6 9 6 6 6 8 6 6 6 6 6 1 6
6 6 2 6 6 6 6 6 6 8 6 6 9 6 6 Y Y
5 5 5 7 5 5 0 5 5 5 5 5 8 5 5 M M
8 8 8 6 8
4 6 6 8 6 6 6 9 6 6 0 6 6 5 6 6 3 6
7 8 8 0 8 8 8 6 8 8 1 8 8 5 8 8 9 8
8 8 8 8 6 8 8 5 5 8 5 8 8 3 8 8 8 8
8 6 6 6 7 6 6 5 6 6 8 6 6 9 6 6 Y Y
2 2 2 2 2 2 B B B H B B M B B D B B
1 2 2 2 7 2 7 7 2 2 3 2 2 B S S S
7 8 8 8 2 8 8 3 8 8 1 8 8 7 8 8 9 8
2 1 1 1 2 1 2 2 1 1 3 1 1 D R R R
8 4 4 4 3 4 4 5 4 4 9 4 4 4 4 4 1 4
0 0 2 0 0 0 1 2 0 2 2 0 1 0 0 8 0 0
8 8 8 8 8
8 8 8 9 8 A A A H A A W A A M A A
9 9 0 9 9 9 7 9 9 9 9 9 A W W W H W
3 7 7 3 7 7 7 7 7 7 8 7 7 5 7 7
8 7 7 7 2 7 7 9 7 7 6 7 7 7 7 7 1 7
8 8 8 6 8
5 4 4 4 1 4 4 3 4 4 A S S S W S S
1 4 4 4 4 4 4 6 4 4 2 4 4 3 4 4 A Y
6 2 2 2 0 2 2 2 W W W Y W Y Y W W
3 1 1 1 5 A A A T A A W A A S A A
8 8 6 8 8 B B B R B B M B B H B B
0 0 0 3 3 0 0 1 0 3 0 3 1 0 0 6 0 0
9 9 9 7 9 9 2 9 9 6 9 9 D
2 7 7 7 1 7 7 6 7 7 7 7 7 3 7 7 2 7
3 3 3 5 3 3 4 5 3 5 5 3 4 3 3 1 3 3
6 6 6 6 6 6 2 6 6 8 6 6 9 6 6 R
2 2 2 0 2 2 9 2 2 2 2 2 6 2 2 3 2 2
1 1 2 1 1 1 8 1 1 3 1 1 7 1 1 9 1 1
4 6 6 5 6 5 5 5 6 6 6 8 6 5 8 6 8 5
9 9 9 9 9 9 8 9 9 7 9 9 3 9 9 6 9 9
5 5 5 6 5 5 5 5 5 3 5 5 9 5 5
5 5 5 0 5 5 6 5 5 5 5 5 9 5 5 D D
0 0 0 8 0 0 4 0 0 3 0 0 6 0 0 1 0 0
5 5 3 5 5 B B B
2 5 5 5 3 5 5 1 5 5 5 5 5 9 5 5 R
7 8 8 1 8 8 8 2 8 8 3 8 8 9 8 8 7 8
8 1 1 2 1 1 1 7 1 1 3 1 1 D D D M D
4 3 3 3 9 3 3 5 3 3 3 3 3 8 3 3 1 3
9 9 5 9 9 9 9 9 9 3 9 9 A
6 5 5 5 6 5 5 9 5 5 5 5 5 3 5 5 S
1 2 2 2 7 2 2 2 H H B H H H M H H
4 4 4 6 4 4 A Y Y Y S Y S S S Y Y
6 2 2 2 5 2 2 8 2 2 2 2 2
2 2 5 2 2 2 8 2 2 2 2 2 W W W Y W
4 6 6 6 8 R R R B R R S R R Y R R
9 9 8 9 9 9 0 9 8 8 9 8 0 9 9 4 9 9
2 4 4 5 4 4 4 3 4 4 2 4 4 1 4 4 4 4
6 6 6 6 6 Y Y Y R Y Y W Y Y S Y Y
7 3 3 3 7 3 3 3 3 3 1 3 3 8 3 3 S
8 7 7 5 7 7 7 8 7 7 7 7 7 2 7 7
5 8 8 2 8 S S S B S S R S S W S S
5 7 7 2 7 7 7 1 7 7 7 7 7 6 7 7 Y
8 8 8 3 8
5 5 5 4 5 5 8 5 5 5 5 5 3 5 5 U S H B B
4 3 3 5 3 3 3 6 3 5 5 3 5 6 3 3 9 3
3 3 3 5 3 5 5 3 3 8 5 3 8 3 3 2 3 3
8 8 8 8 9 8 8 M M H M M M W M M R M M
3 4 4 2 4 4 4 3 4 4 1 4 4 4 4 4 9 4
5 5 4 5 5 5 5 5 5
6 0 0 0 2 0 0 8 0 0 1 0 0 6 0 0 5 0
7 7 7 5 5 7 5 7 7 6 7 5 6 7 7 1 7 7
2 9 9 9 9 9 9 8 9 9 0 9 9 Y
2 5 5 5 6 5 5 8 5 5 2 5 5 9 5 5 3 5
7 1 1 1 3 1 1 2 1 1 7 1 1 1 1 1 9 1
4 4 4 9 4 4 4 4 4 1 4 4 A B B B H B
8 8 9 8 8
6 5 5 3 5 5 5 6 5 5 1 5 5 8 5 5 7 5
8 6 6 8 6 6 6 9 6 6 1 6 6 6 6 6 2 6
8 7 7 7 8 7 7 2 7 7 7 7 7 1 7 7 3 7 7
0 0 0 8 0 B B B
9 9 3 9 9 9 0 9 9 5 9 9 1 9 9 S S
9 5 5 5 7 5 5 8 5 5 Y Y T Y Y Y
4 4 4 4 4 4 2 4 4 1 4 4 A D D D M D
5 5 5 5 6 5 5 7 5 5 B B B H B B S B
6 2 2 2 2 Y Y S Y Y Y B Y Y W Y Y
6 6 6 6 6 Y Y Y R Y Y S Y Y W Y Y
8 0 0 0 2 0 0 8 0 0 9 0 0 3 0 0 6 0
5 8 8 2 8 S S T S S S Y S S H S S
8 8 8 8 8 B B B H B B M B B D B B
8 5 5 5 3 5 5 6 5 5 5 5 5 8 5 5 S
9 9 5 9 9 9 3 9 9 9 9 9 8 9 9 7 9 9
9 7 7 7 1 7 1 1 7 7 0 7 7 9 7 7 3 7
8 5 8 8 8
4 4 4 4 4 4 D Y Y S Y Y Y W Y Y D Y
3 3 3 5 3 3 0 5 3 5 5 3 0 3 3 8 3 3
7 5 5 5 3 5 3 3 5 5 7 5 3 7 3 5 7 3
5 5 3 5 5
7 7 7 7 3 7 7 1 7 7 5 7 7 7 7 3 3 7
4 4 4 6 4 4 4 8 4 4 7 4 4 1 4 4 2 4
5 5 5 5 2 5 5 3 5 5 6 5 5 5 5 5 5 5
2 2 2 2 2 D D M D D D R D D B D D
4 3 3 3 3 3 3 5 3 3 S H H M H H H
8 7 7 7 2 7 7 9 7 7 3 7 7 5 7 7 1 7
2 0 0 0 8 W W W H W W Y W W M W W
6 7 7 2 7 7 7 B B B R B B S B B M B
5 5 4 5 5 5 6 5 5 5 5 5 3 5 5 R
3 2 2 2 5 S S S M S S R S S B S S
0 0 0 8 0
5 4 4 5 4 4 4 9 4 4 3 4 4 6 4 4 1 4
1 2 2 2 2 S S B S S S Y S S W S S
0 2 0 0 0 B B B H B B R B B M B B
3 6 6 4 6 6 6 B Y Y Y S Y Y W Y Y
5 8 8 7 8 8 8 6 8 8 8 8 8 1 8 8 9 8
8 8 8 2 8 W W H W W W M W W B W W
9 9 9 5 9 9 0 9 9 8 9 9 9 9 9 3 9 9
8 8 6 8 8 T T T D T T L T T M T T
0 0 0 1 0 0 3 0 0 9 0 0 5 0 0 4 0 0
6 7 7 7 R
1 3 3 3 9 3 3 5 3 3 1 3 3 8 3 3 6 3
1 4 4 4 3 4 4 5 4 4 4 4 4 9 4 4 1 4
2 2 2 1 2 2 3 2 1 1 1 2 1 3 2 3 1 2
5 2 2 2 5 2 2 2 R R S R R R B R R
7 1 1 1 1 1 1 D D D B D D T D D M D
0 0 0 8 0 D D D
7 5 5 5 5 5 5 7 5 5 9 5 5 3 5 5 S
6 1 1 1 4 1 1 3 1 1 1 1 1 D R R R T
6 3 3 3 5 S D D D S D S S D Y D D
8 8 8 9 8 A A A
9 2 2 7 2 2 2 3 2 2 8 2 2 2 2 2 1 2
1 1 3 1 1 1 8 1 1 2 1 1 9 1 1 1 1 1
7 2 2 2 3 2 2 2 W W H W W W M W W
8 8 8 9 8 H H H M H H Y H H S H H
8 8 8 1 8 8 9 8 8 6 8 8 2 8 8 7 8 8
3 7 7 7 3 7 3 3 7 7 1 7 7 4 7 7 9 7
6 6 0 6 6 6 6 6 6 8 6 6 A A A S A
7 0 0 0 9 0 0 3 9 0 9 9 0 3 0 9 3 0
8 8 8 4 8 A A A W A A M A A K A A
5 5 5 8 5 5 3 5 5 2 5 5 5 5 5 6 5 5
8 5 5 5 5 5 5 2 5 5 5 5 5 5 3 5 5 U S H
9 9 8 9 9 9 3 9 8 8 8 9 3 8 9 8 3 9
9 9 3 9 9 9 4 9 9 2 9 9 1 9 9 7 9 9
6 3 5 3 3 3 5 5 3 5 8 3 3 8 5 3 8 3
6 5 3 5 5 S S B S S S
4 9 9 4 9 9 9 1 9 4 4 9 4 1 4 9 1 4
6 3 3 5 3 3 3 7 3 5 5 3 5 7 3 3 6 3
6 7 7 7 7 7 7 2 7 7 1 7 7
8 2 8 8 8
6 7 7 7 1 7 7 5 7 7 3 7 7 2 7 7 6 7
4 4 4 4 7 4 4 9 4 4 A B B M B B B
1 6 6 5 6 5 5 6 6 6 8 5 6 8 6 5 8 6
4 7 7 7 8 7 7 7 7 7 1 7 7 2 7 7 3 7 7
0 0 0 9 0 0 8 0 0 1 0 0 3 0 0 6 0 0
5 6 6 0 6 6 6 8 6 6 4 6 6 9 6 6 5 6
6 3 3 3 1 3 1 1 3 3 4 3 3 2 3 3 8 3
7 5 5 5 7 5 5 9 5 5 5 5 5 3 5 5 S
9 0 6 0 0 Y Y S Y Y Y B Y Y M Y Y
5 3 3 3 4 3 3 2 3 3 3 3 3 7 3 3 1 3
3 0 0 0 1 0 0 8 0 0 3 0 0 9 0 0 6 0
5 3 3 7 3 3 3 8 3 3 3 3 3 ' B B B
3 3 3 5 3 3 6 3 3 7 3 3 3 3 3 A A A
6 6 6 9 6 6 8 6 6 6 6 6 A A A W A A
7 7 7 7 7 7 Y Y Y S Y Y W Y Y K Y
8 2 8 8 8 B B B
1 1 1 3 1 1 8 1 1 2 1 1 1 1 1 7 1 1
3 3 3 3 5 D D M D D D B D D T D D
5 3 5 5 5 3 3 5 3 8 5 5 8 3 5 8 5 3
5 4 4 4 4 4 4 1 4 4 6 4 4 9 4 4 3 4
7 7 7 4 7 7 A A A S A A W A A D A A
1 2 2 5 2 2 2 2 B B B S B B M B B
2 1 1 1 2 1 1 7 1 1 3 2 1 2 2 1 3 1
9 9 4 9 9 9 6 9 9 8 9 9 0 9 9 9 9 9
0 0 5 0 0 0 3 0 0 8 0 0 1 0 0 9 0 0
4 4 4 3 4 4 5 4 4 9 4 4 4 4 4 8 4 4
2 2 2 7 2 2 1 2 2 3 2 2 2 2 2 8 2 2
5 5 5 3 5 3 3 3 5 8 5 5 8 3 5 5 6 5
4 4 4 4 4 4 D Y Y Y W Y Y S Y Y D Y
2 2 2 0 2 2 3 2 2 7 2 2 R R R
1 1 1 2 1 1 1 1 1 3 1 1 4 1 1 8 1 1
5 8 8 8 9 8 8 B B S B B B H B B M B B
1 1 3 1 1 1 0 1 1 8 1 1 2 1 1 4 1 1
6 6 6 0 6 6 9 6 6 8 6 6 6 6 6 7 6 6
1 5 5 6 5 5 5 3 5 5 5 5 5 1 5 5 8 5
7 0 0 0 8 0 0 4 0 0 1 0 0 7 0 0 9 0
2 2 2 2 2 2 D D D M D D B D D Y D D
9 6 6 5 6 6 6 1 6 6 9 6 6 8 6 6 6 6
6 7 7 1 7 7 7 3 7 7 7 7 7 2 7 7 6 7
4 2 2 2 3 3 2 3 2 2 1 3 2 1 2 3 1 2
1 1 1 2 1 2 2 1 1 3 1 2 3 2 2 3 1 1
6 6 6 5 6 6 9 6 6 6 6 6 3 6 6 A A A
3 4 4 5 4 4 4 3 4 4 4 4 4 1 4 4 8 4
3 1 1 1 3 1 3 3 1 1 0 1 1 2 1 1 9 1
4 9 9 9 4 9 4 4 9 9 1 4 9 1 9 4 1 9
4 4 6 4 4 4 1 4 4 4 4 4 3 4 4 2 4 4
4 4 4 1 4 4 4 4 4 6 4 4 3 4 4 A S
4 7 7 7 5 7 7 7 7 7 2 7 7 6 7 7 1 7 7
6 6 6 9 6 6 A A A R A A W A A H A A
8 8 8 8 8
8 7 7 7 7 A A S A A A M A A W A A
6 6 6 5 6 6 8 6 6 3 6 6 6 6 6 9 6 6
3 7 7 5 7 7 7 7 7 7 6 7 7 9 7 7 2 7
7 1 1 1 3 1 3 3 1 1 2 3 1 2 1 3 2 1
5 5 5 3 5 3 3 3 5 5 0 5 3 0 5 0 3 5
6 6 5 6 6 6 8 6 6 9 6 6 6 6 6 B B B
6 6 6 3 6 6 6 5 6 6 8 6 6 9 6 6 6 6
9 6 6 6 7 6 6 6 6 6 9 6 6 8 6 6 Y
6 6 6 9 6 6 8 6 6 B D D T D D D B D
7 7 7 2 7 7 9 7 7 7 7 7 6 7 7 1 7 7
2 4 4 2 4 4 4 3 4 4 7 4 4 1 4 4 6 4
2 2 2 2 2 S S S Y S Y Y S S T S S
8 7 7 7 4 7 7 6 7 7 9 7 7 1 7 7 7 7
5 5 5 3 5 3 3 5 5 6 3 5 6 5 5 8 5 5
3 5 3 3 3 5 5 3 5 8 3 3 8 5 3 8 3 5
5 5 3 5 5
2 2 2 3 2 3 3 2 2 1 2 3 1 2 2 6 2 2
6 6 6 8 6 6 9 6 6 6 6 6 Y Y Y S Y
6 5 5 3 5 5 5 2 5 5 5 5 5 R R R
4 4 4 4 2 4 4 3 4 4 4 4 2 2 4 2 A
4 1 1 1 2 1 1 3 1 1 9 1 1 4 1 1 6 1
4 4 4 5 4 4 3 4 4 4 4 4 8 4 4 4 3 1 B B
6 6 6 3 6 6 8 6 6 5 6 6 6 6 6 9 6 6
9 9 9 4 9 9 3 9 9 9 9 9 8 9 9 6 9 9
5 4 4 0 4 4 4 3 4 4 1 4 4 4 4 4 2 4
6 6 8 6 6 6 9 6 6 6 6 6 0 6 6 1 6 6
8 8 3 8 8
2 7 7 2 7 7 7 1 7 7 7 7 7 9 7 7 3 7
2 4 4 4 5 B B H B B B R B B M B B
9 9 9 8 9 9 7 9 9 9 9 9 1 9 9 4 9 9
2 4 4 4 3 4 4 2 4 4 5 4 4 1 4 4 9 4
3 3 3 3 7 3 3 1 3 3 8 3 3 6 3 3 3 3
5 5 5 5 5 5 6 5 5 8 5 5 S S S B S
0 0 8 0 0
5 7 7 7 7 7 7 2 7 7 8 7 7 1 7 7 6 7 7
8 2 8 8 8
4 2 2 2 9 2 2 2 A A A S A A W A A
5 8 8 8 7 8 8 6 8 8 8 8 8 0 8 8 9 8
6 0 0 0 7 0 0 8 0 0 1 0 0 3 0 0 9 0
5 5 5 3 5 3 3 5 5 4 3 5 4 5 3 4 5 5
8 8 8 4 8 A A A W A A D A A M A A
3 8 5 8 8