9 0 6 2
9 2 2 1 2
( 5 2 6 4 G A
1 6 3 1 6
1 6 9 0 9 8 8
6 1 9 8 7 9
2 6 6 0 6 B B L U E
5 7 6 9
9 2 8 5 F E L D L E
3 3 7 5 6
4 5 8 0 F A X
2 8 5 0 X 8 4 4 5 4
2 6 9 7 9 1 1 0 L - 2
8 5 1 7 9
8 0 2 0 8 -
9 6 6 4
8 1 4 3 0 8 8 -
7 2 8 0 9 8
5 3 4 2 2 8 8
3 0 5 7 9 F C L E
2 0 3 7 3 @ 8 0 3
6 5 2 8 7
7 8 9 0
1 9 6 8
9 1 0 5 2 8 P L E
8 4 9 6 4 X G L - 2
5 6 1 9 5
4 2 6 4 8 8 0 L
6 3 7 0 6
1 4 2 4 7 F G L L E
2 5 0 2 R M B L A C E
6 2 1 2 3
9 9 8 0 5 8 -
7 5 7 5 9 @ P L A Z
6 6 8 6 2
4 5 2 5 B R L 8
6 0 4 7 3 & B L U E
7 4 1 3 5
2 8 5 0 X 8 - 4
7 5 2 7 4 @ 6 L E
9 3 2 8 F C L E
8 1 4 6 0 - B O L A
2 . 2 5 | + 1 . 4 9
6 0 5 9 1 @ 9 5 2
2 8 1 5 2 -
4 3 6 9 4 8 - L E
8 8 0 7 9
7 7 5 7 2 8 9
6 3 8 7 9
5 0 2 3 4 & B L U E
2 2 6 1 6 W B L U E
7 3 0 9 2
6 4 2 0 5
8 2 3 9
7 7 8 3 0 @ S A L E
1 6 0 5 9
5 6 3 9 3 W A L L E
5 9 8 2 5 -
6 3 7 0 6 M S A L E
9 7 8 0 0
7 9 1 8 8 4
6 3 8 4 2 B O L L E
6 1 4 5 6 @ L
6 6 0 2 5
7 8 0 6 8 F B L 2
9 3 9 8 0 B R L S E
( 4 9 1 5 ) $ 7 . 4 9
5 6 3 0 8
9 9 5 3 3
2 1 8 6 9
3 8 8 9 7 @ C L E
7 2 1 4 5 S A L E
8 7 9 1 L A B L E
2 8 2 1 8 F B L - 2
2 8 2 1 8 F B L - 2
6 6 0 5 0
1 5 1 5 2 S I C O
4 1 9 4 7 A
3 1 8 2 4 - 8
9 8 3 6 6 8 8 5 L 6
8 5 0 R E G
3 4 9 1 7 @ 6 C E
( 7 8 8 7 9 S A L E )
7 8 0 4 7 B B L A C
8 8 1 5 -
7 6 0 2 9 F E E
6 5 0 3 4 - 8
8 1 6 2 5 @ 0 L L E
2 5 2 3
5 7 2 6 5 @ S L E
6 5 3 6 6 @ 8 L E
4 1 5 6 3
2 8 9 0 6 4
3 2 8 6 8
8 6 5 0 8
1 2 8 1 9 1 1 0 6 5
2 8 3 9 0 F I L L
9 7 8 0 0
1 2 2 3 2
9 2 1 7 3
6 2 1 4 9 F O L C E
1 4 9 1 0 & C L E
4 3 1 5 7 B O L L E
6 1 4 9
7 1 7 1 3
7 5 0 0 9
6 9 2 0 9 Z O L L E
5 6 5 6 6 A B L U E
4 9 7 5 6
7 8 1 0 R W S L E
5 0 0 7 9
4 7 4 9 0 X P L E
3 9 0 3 5
2 5 9 9 % O F
1 2 9 6 0
8 8 1 5 . 5 5
2 7 5 7 0 W O L C E
7 7 3 4
1 3 6 4 4 @ 6 L 4
6 5 3 6 6 B E L L E
5 9 4 6 8
7 4 2 5 7
2 1 7 3 7 2 P L E
4 4 8 6 1
2 0 2 3 9
6 2 3 5 3
2 0 5 6 3 8
6 2 3 6 7 @ 6 . 2 5
6 6 8 4 X 5 5 C E
4 0 3 6 8 -
4 0 3 6 8 -
7 6 0 2 4
2 0 3 7 S A L E
1 2 6 9 2
6 1 9 8 2 F A X
2 9 7 2 8 @ P L A T E
5 7 6 3 2 X 8 L - E
6 1 6 3 5 %
5 1 8 5 4 G S C E
5 2 4 6 F E L L E
8 0 7 6 1 @ P L U E
T E L :
3 5 8 0 7 1 1 0 L - 2
9 3 6 4 8 -
6 0 7 9 0
6 0 8 2 5 X C L E
5 4 6 3 3 8 8
5 7 4 6 5 1 1
8 8 1 9 8 S A L E
3 8 7 8 S W O L L E
6 7 4 2 3 8 8
2 2 2 4 8
9 9 5 5 1 @ 6 L 2
9 8 9 3 7 G G L A
3 2 8 6 8
( 6 7 2 2 8 . 9 9 C E )
1 3 5 9
5 2 7 1 7 - 4
6 4 7 7 8
5 3 2 1 3 -
9 9 1 9 A W A L L
3 2 8 2 7 @ 6 L 6
4 0 2 9 7 & G L
4 6 3 1 2 F O L C E
4 8 9 2 1 & B L U E
1 1 4 7 8
1 3 0 9 7
9 0 9 6 4 B L
8 8 8 6 0
6 3 0 7 9
4 0 3 6 8
3 9 3 5 7 8 8 1 4
9 5 5 8 7 @ 8 0 3
5 5 3 6 6
5 8 2 3 S S A L E
7 4 9 0 2
5 9 5 0 8
4 8 9 4 0 L O L L E
3 2 2 2 0
5 3 4 4 4 8 8 8 L - 2
6 0 7 9 0
2 7 7 0 9 S A L E
3 4 2 0 R S A L E
8 8 7 2
1 6 5 2 R E G U L A R
9 7 4 5 8 S B L U
5 7 9 2 3
8 3 9 5 9
1 7 9 5 3
1 9 3 4 5 & B L U E
9 9 2 1 6 @ P L A C E
2 0 3 4 5 @ S L E
1 8 3 7 1 8 - 4
1 8 4 8 8 S A L E
9 1 1 1 8 8 - 8
9 3 1 4 M C O L L E
4 7 8 2 R E G
6 2 7 8 4 Z F
7 9 0 6 0
8 9 7 0 3
6 0 4 2 9
7 0 2 2 F E E
2 6 4 5 2 8 P L E
4 0 6 3 0 & P L U E
5 9 7 3 8 L 2
3 8 3 4 0 S A L E
2 3 0 1 1 - 8 -
8 1 1 2 4
8 2 5 7 0
4 7 0 2 7 & G L A C E
8 3 2 5 C A S H
6 0 5 6 8
7 8 7 4 2
2 3 0 5 2 8 5 6
6 6 4 3 1
1 7 3 7 8 - 6 6 6
8 2 6 2 8
9 4 1 2 X 8 4 9
8 1 2 2 7 8 8 4 3
7 0 5 8 0 1 P L - 2
( 2 7 5 - R A C E )
7 9 5 8 A M P L E
3 8 0 5 8 X X 6 4 6
7 3 7 4 4
3 7 9 0 5 L A L L E
1 8 3 7 7 8 8 6 5
2 2 1 2 8
9 7 0 9 3
9 5 8 S A L E
5 1 1 6 7 @ 3 L
4 7 1 6 8 F I L L
9 8 6 3 1 @ 6 L &
4 2 1 0 7 I O L L E
7 3 5 6
3 6 3 0 A S O L L E
8 3 7 1
8 9 7 0 3 R O L
5 9 0 0 2 8 8
1 9 9 8 6 8 -
2 6 4 5 2 8
7 0 2 2 F A B L E
8 5 3 9 2 R I C E
4 9 7 6 1 @
8 8 9 0 1
7 0 3 2 7 8
8 0 6 6 3
4 3 9 6
7 0 0 6 G R L
5 1 7 3 1 8 8 4 3
4 4 3 0 1 @ 6 L 2
1 9 1 8 X 6
8 4 2 3 7 8 P L E
1 8 7 2 7 8 8 0 6 5
2 5 9 9 1 6 9 5 8
3 7 8 6 K 8 - 4
5 8 2 0 2 & P L A C E
1 4 3 1 9
3 8 0 5 8 L A L L E
9 9 4 7 9 X C L - 2
2 8 7 8 6
3 3 2 6 A M
4 2 8 6 6 & S C E
T E L :
1 1 6 7 8
9 2 0 9 8 - 8
5 7 9 9 0 A X
9 4 1 0 & 2 C L E
7 6 7 3 9 & O L
7 6 2 8 0 $ 8 . 0 0
7 5 0 1 2 5 -
9 8 6 5 5 S A L E
4 6 8 $ 5 . 2 5
1 8 0 1 6 8 9 5 5
8 8 0 6
8 6 7 3
6 2 2 8 3
1 2 2 6
7 8 1 7 3 F B L U E
2 1 2 9 S E L L E
8 4 3 9 @ W I L L E
6 0 2 3 5 A A G L E
7 8 8 2 7 8 8 1 2
9 8 4 0 9
4 9 0 9 R M O L L E
3 7 3 8 3 & C L E
8 7 9 6 9 S A L E
4 8 4 6 1
5 4 1 3 S A L E
1 4 6 7 5
6 2 0 1 3 W A L L E
8 1 0 + + 0 . 4 5
5 8 6 8 4 - 8
8 0 2 0 6 -
6 9 1 6 3 8 0 L &
2 7 6 0 3
6 5 6 0 + 6 4
7 6 2 1 6
2 2 0 6 9 @ P L - 2
1 1 8 1 4 8 8
4 6 8 & 6 L E
3 9 8 7 8
2 5 6 9 6
6 5 0 6 9 B O L L E
6 0 0 0 4 Z G L - 2
3 3 6 1 7
2 5 1 1 9 R I C E
7 8 1 7 3
8 1 7 4 B B P L E
4 3 9 1 5 & B L U E
1 9 3 0 3 X 6 6 5
6 5 9 3 6
1 2 7 4 5
2 4 8 0 6 S A L E
6 2 5 8 5 @ 6 L 2
8 2 5 8 8
6 8 4 3 R E Q U I R E D
9 8 0 4
2 6 1 8 @ 6 L E
6 6 6 A 9 8 L
7 3 7 0 2 @ C A S H
8 7 5 8 9 @ 6 L - E
5 8 2 3 S A L E
5 7 6 2 4
1 8 3 8 1 F O L L E
7 5 4 9 8 - 8
4 3 9 6
B A R O N A T E
8 8 6 9 S A L E
3 4 1 5 3 $ 3 L 4
9 5 4 9 7 F O L
6 0 8 2 7 P L E
6 7 3 0 0 8 9 8 4
2 9 8 2
2 5 1 7 0 @ L L E
7 1 3 2 2 @ P L A C E
7 4 4 9 9 8 8
1 8 9 0 9 @ 6 L &
8 3 2 9 3
8 6 1 5 7
8 7 8 8 4 & 6 L E
5 0 7 4 8
9 5 0 2 S &
9 5 7 8 7
5 4 2 6 1 B A L 4
5 5 7 9 6
6 2 8 6
6 6 6
8 0 9 2 2 8
5 8 2 3 S S A L E
8 8 8 1 5
8 5 6 3 3 S P L C E
8 9 5 4 3 B P L A E
9 7 6 3 B R L
1 8 5 6 7 S A L E
1 4 9 0 8 P A L E
3 3 0 2 2 8 8 8
( 7 3 8 0 7 - 8 6 5 L
3 5 2 1 8 8
7 7 3 0 4 @ 6 L - 2
1 0 . 8 8
5 5 2 5 4 S O L C E
2 2 6 4 8 8 9 L 2
4 3 9 2 2 F
8 7 3 1 9 R C L E
2 0 4 4
6 7 1 2 8
7 5 4 0 6 R B L U E
3 2 5 3 2
1 0 7 9 8
5 4 5 6 8
1 2 2 5 3 -
8 0 2 0 6 8 8 0 L E
3 6 4 5 8 7 8
3 8 7 0 2 8
4 8 2 6 & W A L L E
8 9 0 7 4 B O L L E
4 8 4 6 1
7 0 1 5 9 G
6 7 8 R B L U E
8 2 3 9 +
1 4 3 1 9 & E L
6 1 8 7 H S A L E
5 2 3 5 0
7 1 1 2 8 8 8 8
8 0 4 7 8 8
7 5 7 5 9 S B L U E
6 1 4 2 8 8 0
6 3 2 5 9 8 - 4
5 8 2 9 9 1
9 2 1 7 3
6 1 9 8 7 S A L E
7 2 3 2 R M B L A E
9 8 0 3 9 S S L E
2 8 1 5 2
( 9 6 5 6 F E E )
9 6 0 1 6 1 8 0 4
7 0 9 0 A M O L S E
5 8 4 3 8 L A L
6 5 2 8 7 8 6 4 6
8 5 2 0 7 F O L E
9 9 1 6 3 S A L E
( 9 0 1 4 R E G
6 3 8 7 9
6 5 1 9 4 S A L E
1 2 0 5 6 %
6 3 7 0 6
6 7 9 1 2
7 8 2 7 6 F C L E
6 7 5 5 2 @ 6 - 5
4 4 7 9 3 8
1 6 9 7 2 S A L E
( 4 7 1 7 8 A C L E
3 0 1 4 9 &
9 0 9 6 4
6 1 9 8 7 ( 8 1 8 - E )
7 5 7 5 9 @ S L - 2
9 0 6 2 8 7 6
5 3 4 2 2 8 8
8 0 7 1 F F L O T S
5 3 7 3 3 - B O L L E
3 3 7 6 0 A X C L
2 6 9 7 9
4 7 8 2 F O L L E
2 8 5 0 X 8 5 4 3
3 1 8 3 3 8 8
3 3 7 4 3 B
3 8 0 7 0 . 4
5 4 6 1 4 8 0 L &
4 7 4 9 0 L A B L E
1 2 5 5 0
2 1 7 3 7 P P L A C E
5 9 4 6 8
4 0 5 0 7 R I C E
4 4 3 5 8
7 2 1 4 5 8
4 3 8 0 0 1 1 - L -
1 4 9 0 8 P E L L E
2 2 0 4
9 1 6 5 5
5 8 2 9 9
5 1 6 0 3 8 8
7 6 0 2 9 S A L E
1 5 6 1 2 & G L A C E
2 0 6 7 8
1 2 9 6 0 8
9 6 5 5 1 R I C E
6 7 7 3 6
8 1 9 5 7
8 1 6 2 5
3 6 1 3 9
1 4 3 0 0 8 8 4 4
3 1 9 0 4 8 8
4 2 4 1 + G L E
4 4 1 6 0 @ 6 0 3
4 4 1 6 0 S B L 2
4 7 5 5 6 S A L E
6 6 9 5 6
2 8 2 1 8 F B L U E
8 7 9 1 A M P L
5 6 3 0 8 X X
3 7 5 6 9 & G L O E
7 1 1 5 8 7 4
5 3 0 4 2 R I C E
7 6 5 9 8 - 8 - 8 - 2
6 6 3 0 7 P E L L E
9 6 7 4 6 @ C L E
2 6 8 9 8 %
8 7 6 9 3 X X 0 6 5
2 1 7 3 7 P L E
2 2 2 1 3
8 7 4 9 6 G S L E
1 3 5 6 0
6 3 1 5 8
3 5 3 8 2
8 1 0 0 6
5 6 8 9 9 F A L E
6 5 2 1 7
4 4 2 8
4 1 9 4 9 R B L O Z
9 4 3 5 8
3 6 3 8 7 8 8 8
8 9 4 0 7
9 4 0 0 5 S A L E
6 6 6 3 0
7 8 3 5 8
V A V A G E
2 4 5 7 9 8 8
2 9 7 2 8 @ 6 L - 2
( 2 7 5 - R A C E )
3 3 7 5 6 R I C E
8 5 3 8 9
8 0 4 7 8 8 2 4
5 7 6 8 3
7 8 2 7 6 F C L E
4 2 9 4 1 X X 6 L S E
3 8 7 0
6 0 7 2 4 8 8
8 3 4 0 2 5 -
5 8 4 3 8 A A
3 8 5 0 F O L C E