2 6 4 5 2 D
3 3 7 5 6 R
3 5 6 1 5 R
9 6 2 5 M M
5 9 8 2 B H
6 2 0 1 3 W
7 7 3 7 0 R
9 4 3 4 B
3 6 5 5 2 W
5 2 4 2 H A
5 8 9 7 2 B B
1 3 1 0 5 R
8 6 9 0 0 M
6 9 0 1 R S
9 3 8 5 5 A A
3 3 9 6 5 B B
6 4 3 7 5 H
9 8 2 6 5 H
5 4 3 9 3 A
5 0 3 1 8 B B
8 0 7 3 D R
4 8 9 2 1 W
5 4 4 6 3 D
1 6 4 9 7 H
5 5 5 9 7 B B
3 2 9 1 1 H
3 5 2 4 A Y
7 8 8 2 7 D
8 8 4 3 9 B B
3 5 2 1 8 D
6 6 8 4 A S
1 3 7 4 7 D
1 8 7 4 1 A
5 5 3 0 6 D
6 5 2 1 7 R
7 0 2 9 1 A A
2 3 0 1 1 B B
1 7 6 8 2 B B
5 2 7 5 5 A
5 6 6 7 0 H
6 2 3 5 3 A A
6 6 8 4 A S
9 7 0 9 3 B
6 3 5 7 R Y
7 1 3 2 2 M
5 8 2 3 S S
5 7 5 5 4
4 5 6 9 5 A A
5 6 7 5 B H
2 7 3 6 9 R
5 7 0 9 9 S
9 5 4 7 7 Y
5 2 5 8 B S
8 5 1 8 7 M
8 6 2 8 7 B B
7 5 1 3 B S
6 9 6 1 4 H
4 1 3 1 9 H
8 9 5 4 3 D
4 4 8 2 8 M
7 5 2 7 4 W
3 7 9 0 5 A A
2 5 0 2 R W
4 9 0 0 8 M
6 7 6 7 4 
8 7 6 9 3 A A
8 7 7 9 6 B B
1 2 2 5 3 M
8 3 2 7 8 S
9 3 2 3 4 D
8 0 4 7 8 D
4 7 3 0 9 A
3 6 3 0 4 B
8 2 5 4 0 B B
8 7 9 8 5 M
6 2 0 7 R
9 8 6 3 1 B
9 1 5 3 0 D
8 6 9 0 0 M
6 2 0 0 7 B B
2 7 5 R K
8 0 6 1 0 W
6 5 8 6 A
1 7 1 1 3 R
4 8 7 8 3 A A
5 8 4 3 8 A A
2 1 2 7 7 M
8 7 4 0 4
7 9 9 4 8 R
6 2 2 5 3 W
7 3 6 7 1 B
2 5 6 1 6 Y
4 8 7 8 3 A A
5 8 5 3 6 A
5 5 2 6 2 S
1 6 2 9 S S
4 3 5 4 7 M
7 3 8 0 7 B B
4 3 9 6 H R
6 1 7 8 6 M
6 7 4 2 3 B B
5 8 5 3 6 A
9 6 5 6 4 M
8 1 6 9 7 A A
7 0 3 2 7 B
8 3 6 5 6 Y
8 0 6 6 3 D
1 3 2 2 5 B B
7 5 4 9 8 B B
4 2 1 0 7 A
4 3 4 6 7 W
3 0 5 7 9 H
1 4 6 7 5 Y
3 8 0 1 9 B
6 1 9 8 2 H
1 4 3 1 9 W
5 2 6 2 4 D
2 7 5 6 1 D
4 5 4 2 5 M
2 4 3 6 5 M
5 6 5 4 0 A
9 5 0 2 S S
7 3 7 4 4 B
5 3 7 3 3 B B
2 3 6 2 9 A A
6 4 6 8 0 Y
4 1 8 4 9 R
3 6 6 9 8 R
8 3 6 5 6 Y
7 8 8 2 7 D
7 6 9 0 2 W
6 5 7 4 9 B B
9 1 5 3 0 D
9 4 6 6 9 Y
8 9 3 4 4 D
9 8 8 7 R A
6 0 7 9 0 W
1 7 7 5 6 B
6 5 2 1 7 R
3 5 6 6 2 B B
9 9 2 1 4 S
6 5 7 4 9 B B
9 0 1 3 7 W
1 0 2 5 8 W
1 9 9 7 5 D
3 9 7 3 4 H
6 6 5 1 7 W
3 7 4 6 7 B B
2 6 6 0 6 D
6 8 3 T
8 1 0 0 6 Y
4 3 5 6 3 B B
1 8 3 8 1 B
9 3 5 6 D Y
4 1 4 6 9 B B
5 7 6 3 2 A
7 5 5 2 W
7 1 9 4 5 H
7 5 5 6 W W
3 4 6 1 4 A A
9 3 5 0 3 S
6 0 8 2 7 Y
3 2 4 6 H H
6 0 8 2 5 A
8 8 0 6 A B
5 0 2 1 4 M
9 6 5 6 4 M
4 1 5 5 B H
4 7 1 6 8 H
9 9 5 5 1 W
7 2 8 6 H H
8 1 0 7 5 D
5 4 8 3 M
8 5 6 6 B
3 2 8 6 D R
9 8 4 2 0 B B
9 5 3 3 3 A A
4 8 9 2 1 W
6 2 8 6 R Y
5 0 0 5 5 B
7 0 6 1 3 B B
4 1 5 9 5 A A
3 8 3 1 3 B
7 0 6 5 1 Y
4 2 8 A
4 7 8 7 A W
1 5 9 4 D Y
4 7 7 6 1 H
7 4 4 8 S S
6 1 1 8 0 B B
1 5 7 9 A S
1 7 1 1 3 R
6 5 1 6 B D
4 7 1 7 A Y
5 0 0 5 5 B
3 5 9 0 9 A A
8 3 6 9 7 W
4 2 8 9 T B
8 1 7 7 9 M
4 2 1 8 4 A A
9 0 4 1 H S
8 5 2 3 B B
6 4 3 7 5 H
1 6 5 2 H R
5 9 7 6 1 S
4 0 8 8 1 B
6 0 9 2 4 D
5 9 5 0 8 H
8 5 6 3 3 S
2 5 9 9 B K
4 9 7 1 2 W
3 6 5 7 2 H
5 2 5 4 1 D
9 5 5 4 1 A A
4 6 0 0 1 B
2 3 0 5 2 B B
4 1 2 3 8 B
6 6 3 0 7 R
9 9 8 0 5 B B
1 6 9 3 A S
3 4 7 3 7 A
9 2 1 7 3 H
9 5 4 5 R S
7 2 4 0 9 M
6 7 3 0 0 D
2 8 6 5 R
2 2 5 3 2 B B
5 6 8 1 3 H
1 2 2 6 9 B B
1 7 2 3 W W
8 7 4 9 9 S
8 8 1 5 4 D
1 7 8 0 1 
7 4 7 8 0 B B
6 2 7 0 L A
5 6 7 7 3 D
8 1 4 9 7 A
5 6 8 1 3 H
8 7 9 3 T H
8 7 8 7 7 W
6 1 0 4 D Y
2 7 7 4 3 B B
3 9 4 9 7 S
8 1 0 7 5 D
5 7 6 0 4 B B
4 7 1 7 A Y
7 6 2 1 6 R
2 8 9 0 6 H
3 7 3 4 8 H
8 8 9 0 1 H
8 0 2 0 B D
7 4 3 1 6 H
4 1 7 5 1 S
6 4 9 2 5 B B
2 9 3 1 H D
1 5 9 7 B W
5 2 8 4 2 R
2 3 6 8 3 A A
2 2 5 3 2 B B
5 9 0 0 T
4 3 4 0 D R
4 0 2 9 7 W
1 3 5 6 0 Y
8 7 9 8 5 M
1 2 2 6 B S
7 2 5 6 D D
2 9 1 0 1 Y
4 2 4 6 2 A
9 6 9 2 R Y
3 8 7 0 A D
8 6 9 2 0 
8 3 7 1 B
3 7 8 6 K B
6 6 7 3 5 A
4 1 3 0 4 R
1 3 9 0 1 Y
7 0 9 6 3 M
8 9 0 5 M Y
6 8 4 3 R R
9 8 2 0 9 R
4 3 9 2 2 H
2 0 1 6 3 W
4 4 9 1 0 A
4 6 7 6 3 Y
5 2 8 0 T
4 7 4 8 2 A A
2 9 0 8 1 W
7 5 0 1 2 M
4 9 D A
4 9 6 4 8 B B
7 3 9 3 6 Y
3 3 5 1 D A
6 7 9 0 1 B
4 3 8 9 0 S
5 9 2 4 M W
5 2 0 5 1 B
7 9 7 6 8
9 4 3 5 8 B B
7 3 8 0 7 B B
4 3 9 2 2 H