4 0 7 7 D D D
1 1 1 1 A
4 4 0 1 0 W
4 4 1 7 1 1 D A
6 1 0 1 9 D D D
4 1 1 1 6 6 K K K
4 4 4 6 6 6 D A
4 1 4 5 0 0 W D
6 4 4 1 1 4 A A
6 0 0 0 D D D
4 1 5 1 1 W L
7 5 1 1 1 M D D
2 6 6 7 7 9 A A
4 5 1 1 1 M M T
9 2 2 2 0 R R D
1 1 1 4 1 1 D
8 1 1 4 4 4 R S S
6 5 1 4 1 1 D D
4 4 1 7 7 Y S S
4 1 5 5 7 4 W
6 5 5 5 Y Y
4 5 8 9 8 8 Y Y
6 1 1 D A
4 5 5 8 8 R B B
6 0 5 2 2 D D
4 0 0 0 4 4 H A
5 4 4 1 0 0 Y H H
2 7 6 8 8 0 A A
6 4 5 1 1 1 D D
6 1 7 7 7 1 D D
7 5 0 0 2 D D W
6 1 1 0 A A A
9 4 5 1 1 1 D D D
6 7 0 5 0 0 D D
1 1 1 1 D D
4 5 5 2 5 1 D S S
6 7 7 7 7 D
4 1 5 5 S Y
7 1 1 5 1 1 A A A
7 5 7 7 7 D D D
4 3 3 7 8 H L
4 5 4 4 4 W W S
6 0 1 D D A
6 5 5 0 1 Y Y Y
7 1 5 5 5 Y Y Y
4 5 5 9 9 9 W D
0 1 5 7 7 7 D D
7 1 5 7 7 7 Y R
4 5 5 5 1 1 W S
4 7 4 4 4 W R A
4 0 0 6 W W
7 5 1 9 9 7 D W
6 1 1 2 1 1 T T
1 5 4 4 4 1 1 D
7 5 0 4 4 0 K K
1 5 5 1 1 D D D
4 4 5 4 4 4 W W W
6 0 7 7 7 Y D
4 4 7 7 7 D A K
4 1 0 8 0 0 D D
7 9 9 1 A A A
3 0 0 4 2 2 D D
4 1 4 5 6 6 M M M
6 5 5 1 7 7 T T T
1 0 0 5 5 1 H L
6 0 8 8 8 B B
6 1 5 5 A D S
4 4 4 4 1 1 A A A
6 4 5 5 5 1 S S
1 1 6 6 6 D D
4 8 8 8 9 9 Y Y
7 7 1 4 4 5 D B
4 7 9 2 A A A
0 2 0 8 0 W W A
0 2 0 8 0 W W
6 1 5 5 5 1 D
1 1 1 2 2 Y S S
4 1 1 4 4 7 A A
3 8 8 2 2 4 B B B
8 8 5 5 6 6 D D S
8 5 5 5 1 1 H H
5 4 4 1 1 1 L S
7 8 8 8 7 7 Y Y
8 0 0 4 7 7 D D
1 8 8 1 5 5 D D
5 5 0 1 7 M W
4 1 4 3 4 0 B S S
6 0 0 2 5 5 D
7 5 5 4 5 S S
1 1 6 6 6 D D D
1 1 5 1 6 D D D
4 5 5 1 5 5 S S S
1 4 0 1 1 0 D D
5 2 1 5 6 1 Y D
4 4 5 1 8 8 A A
1 1 0 1 1 A A A
4 5 5 5 9 9 D D
1 1 0 9 0 0 D S S
1 1 0 4 4 W W
4 2 3 7 7 5 S S
2 1 1 0 0 Y Y Y A
1 4 4 1 1 1 L A
4 3 1 1 1 T T A
6 1 1 1 W
4 5 1 1 1 D
7 5 5 1 1 0 D D
4 4 0 1 0 M A A A
6 0 8 0 D D
4 1 1 7 5 5 D D B
7 8 1 1 1 D D D
1 1 7 7 7 Y D
4 4 4 9 1 A A A
4 9 9 1 1 1 W W
6 5 0 1 1 M A
1 1 1 1 0 0 D S S
4 4 5 5 7 7 H H H
4 7 7 0 0 W W
6 1 1 1 4 1 1 D
1 4 4 0 0 0 D S
6 5 0 5 6 6 D S
1 0 6 6 6 D D Y Y
7 4 5 5 7 7 Y S
4 4 3 7 7 D D
4 4 6 8 6 6 T D
1 1 1 4 4 4 A A
4 3 5 5 5 4 A L L
7 1 5 5 6 6 D
2 2 3 6 7 7 Y Y
4 0 0 4 A A S S
1 1 1 3 5 5 D D
1 1 1 3 5 5 D D
5 1 1 1 7 1 D D D
6 1 7 7 7 Y Y Y
1 3 1 6 0 9 S S
1 0 8 8 8 K K
7 9 7 2 8 8 S S S
6 7 0 5 2 2 A A A
6 1 1 6 4 5 S S
5 1 5 5 5 0 D K
9 0 0 0 1 H H T
4 1 0 6 1 W W
9 5 5 5 W S
4 5 8 7 7 7 A
9 4 4 6 4 4 D D D
4 1 1 1 W D
4 1 7 7 7 D A A A
1 4 5 5 5 4 S S S
1 1 5 5 5 A A A
8 1 8 4 4 8 K A
4 1 1 7 7 8 D D D
6 7 4 4 2 4 S S S
1 1 0 1 0 0 D D
1 0 5 5 5 1 K K K
4 5 4 4 4 Y Y Y
4 1 1 5 1 A A D
9 0 7 7 7 T D S
1 5 5 5 1 1 Y
6 7 7 7 7 7 K
1 1 7 7 7 D D D
5 3 1 1 1 4 A A
1 0 1 1 1 9 A A Y
4 1 8 7 7 7 Y
1 1 1 1 0 7 Y W
4 4 4 1 2 2 H H
8 1 1 2 1 1 H H
1 1 7 7 D Y Y
4 4 0 0 0 7 W D
6 0 D D K
8 8 8 3 6 1 1 M A
6 5 5 7 7 7 Y A A
1 1 1 3 1 D D D S
4 5 5 5 7 7 Y D T
5 5 5 5 7 Y Y Y
5 5 6 6 6 D D D
1 5 5 5 S Y
7 4 0 0 0 7 A A A
6 0 0 1 L L L
4 0 0 0 A A A
6 1 1 1 1 D
4 3 3 6 4 4 B B
4 1 4 1 W D
7 3 1 1 1 4 W D
1 1 1 7 1 1 D D
4 1 7 7 7 7 7
1 6 5 2 2 H H D
7 7 7 4 5 5 D D
1 7 7 5 2 5 5 D D
7 5 5 5 9 W D
4 1 1 5 1 A A S
9 4 5 5 5 D D D
6 1 1 0 0 K K
7 1 4 4 4 6 D A S
5 5 5 1 1 1 S S
1 1 4 8 8 8 H D
1 1 1 1 8 8 B D
4 1 1 4 M M Y Y
4 8 8 2 2 L L L
4 1 7 4 4 4 A Y
1 0 0 5 5 1 W R R
9 9 1 1 1 5 D D
1 1 7 7 7 1 D
0 1 2 2 2 1 D
4 5 5 5 0 D D
6 1 4 4 1 1 W W
6 7 7 5 Y Y Y
1 0 0 7 0 0 L A
2 5 0 1 1 1 B B B
4 1 1 7 7 M M D
7 2 7 7 7 L L T D
1 1 2 7 7 M M
4 3 7 5 0 M M M
1 1 5 5 5 8 A A
4 1 7 7 7 W Y
7 7 7 1 1 1 D B B
6 1 1 5 1 1 1 1
1 7 7 5 7 7 D
6 1 7 7 7 Y
6 4 7 7 Y Y
1 1 7 7 7 Y D
1 5 5 0 0 0 D
6 1 1 1 5 T T
7 4 5 5 8 D M M
4 8 8 1 5 1 D A A
4 1 7 6 1 M D
4 7 7 5 5 5 A A A
1 5 3 7 7 7 Y D
2 1 2 2 2 8 D S
9 7 7 9 9 5 S S
4 8 Y Y Y K
1 1 1 1 5 5 T D
4 0 8 8 8 8 W
6 5 5 3 1 1 D A
7 1 1 7 7 A
7 5 5 5 6 D D
4 5 5 0 M D
9 7 7 1 A S S
4 9 7 1 1 1 A
4 1 1 1 7 D
1 4 1 0 8 8 8 D
7 4 4 4 5 5 D D
6 1 0 7 7 D D
1 5 3 4 4 2 R R
4 1 1 7 6 1 1 D
4 5 1 1 1 L L
7 1 4 4 2 7 W
1 1 5 5 5 3 T T T
4 3 3 0 0 D D D
7 1 0 5 5 D A
5 1 1 7 5 1 L D
7 1 1 1 L A
4 0 0 1 8 8 Y H
8 1 2 7 7 7 R R
8 8 7 2 2 7 7 S D
7 5 5 4 4 4 H
3 4 1 1 1 Y Y Y
8 8 2 0 2 M W
6 5 5 1 4 4 W D
1 8 8 5 5 8 A A
7 4 4 7 9 9 A A A
4 8 7 8 8 D D S S
6 1 1 D D
4 1 5 6 6 D D D
6 5 1 1 1 1 A
4 1 1 6 1 1 D D
1 2 0 0 0 B D
6 1 D D
4 4 1 1 1 0 D D
6 6 7 5 9 9 M M
7 4 5 8 8 1 L Y Y
5 5 1 1 1 1 1 D
9 8 5 6 5 1 D D
4 0 5 7 W D
4 1 1 1 D D
5 5 5 0 0 D D
6 5 5 3 3 Y Y
6 2 2 2 1 8 S S S
1 1 1 1 H H
8 8 1 7 5 Y Y A
4 4 2 0 D D D S
8 4 0 4 0 0 H H
1 1 5 5 5 A A A
7 4 0 9 7 7 D D D
9 8 1 1 1 W W A
4 1 0 9 0 A W
3 1 4 4 4 K K W
7 7 6 9 9 D D
9 1 0 6 6 1 D D
4 1 0 5 5 S S S
4 1 1 5 1 1 D S
1 1 1 1 L Y
6 0 1 1 1 1 D
8 8 6 8 4 D D D
0 1 1 1 0 D
4 9 1 6 5 0 A A
2 7 0 6 0 0 S S
4 1 1 4 1 1 1 D
7 6 1 1 1 D D D
2 2 5 6 9 Y Y W
1 1 1 1 A D
4 5 5 5 K W W
4 1 7 7 7 D D D
4 1 5 5 4 D D D
4 5 1 6 6 1 T T
0 0 0 6 6 6 L D
4 5 5 1 1 7 Y A
7 5 1 1 1 Y Y S
7 8 1 7 3 3 Y Y Y
4 0 0 0 D A
1 1 1 1 4 H D
1 9 1 5 1 1 A A
1 5 1 5 5 D D S
1 5 0 7 0 0 D
7 1 0 0 6 6 D Y Y
0 2 5 5 5 R R R
4 2 0 5 0 0 D D
4 1 5 5 R R S
4 5 5 1 1 1 A A
6 5 1 1 1 A A A
6 6 6 6 H Y Y
7 7 7 2 2 2 S
7 7 5 4 0 0 Y Y
1 8 8 7 4 S S S
5 7 7 5 2 4 A Y
1 8 0 8 1 B B A
5 4 4 9 8 8 D D D
6 5 3 0 0 6 D D
5 5 5 4 L L L
4 4 0 0 0 D D
4 6 1 5 5 4 A Y Y
1 5 0 4 4 4 H H
4 1 5 2 2 7 Y Y Y
7 1 7 1 1 1 D D
7 0 1 8 7 1 D D
9 0 4 4 K K K
1 1 3 7 7 7 D
4 1 4 0 0 0 D D D
1 8 0 1 0 0 Y Y
6 1 1 Y A
4 4 1 5 7 7 Y W
8 7 7 8 8 8 A A
1 1 7 8 8 8 D D
1 5 1 1 1 L S S
9 5 5 7 8 8 D Y
4 7 7 7 1 1 T D
1 5 7 9 9 D D D B
4 1 8 6 6 R R
6 6 6
0 0 2 0 2 2 D D
4 0 5 3 5 5 S S S
8 8 5 1 1 5 T T T
8 5 5 3 3 3 S S
9 7 5 4 3 3 D D
1 1 1 1 D S
1 5 5 6 6 Y Y Y
4 1 0 1 1 D D S
4 5 5 2 2 2 B D D
7 7 3 0 7 7 B B
1 5 2 1 8 8 D
7 5 5 4 4 M M
6 0 0 0 D D
5 5 5 2 4 H H H
1 1 5 6 6 4 D D D
4 0 0 1 7 7 Y
4 1 5 5 4 Y Y D
2 5 4 4 4 A A K
4 7 7 4 1 7 B B
4 1 1 1 6 D R R
4 1 1 1 Y Y
1 1 7 0 0 0 R A
4 5 0 0 0 D D D B
1 7 7 7 0 D D
8 1 1 2 1 1 D D D
4 6 4 4 5 B Y
4 5 1 1 1 A A A K
4 1 7 5 5 B W W
1 5 7 7 7 A A
6 8 0 0 6 6 D D
7 1 5 5 5 4 W Y Y
6 7 0 0 D D
1 5 4 4 4 W W
1 4 1 4 1 1 D D
4 1 8 7 7 L L L
4 1 5 5 5 1 H H
1 1 1 7 7 A A
8 1 7 7 7 8 D
7 7 0 5 0 0 W S
1 1 1 7 7 7
4 5 5 5 W Y
4 9 0 1 0 4 A A A
4 7 5 7 7 5 S
4 0 0 7 8 Y Y Y
7 2 3 2 2 2 R W
0 0 9 5 9 9 A S
8 1 2 5 5 2 R Y
1 4 1 1 1 1 1 1
4 6 1 1 1 D D A
7 1 0 1 1 M M M
4 8 0 5 8 8 A A A
4 2 2 7 7 7 Y D
8 5 2 0 7 7 L L
3 0 5 0 5 3 S S S
6 1 1 1 4 4 T T
4 3 3 7 7 7 Y
6 0 0 0 1 L L
6 1 1 1 4 W
6 5 7 7 1 1 D A A
4 1 1 1 7 1 A A
7 8 8 7 7 7 D
1 7 5 5 5 1 D W
4 4 5 4 4 5 D S S
1 5 7 4 7 7 S S
4 1 1 7 7 7 D A A
3 1 1 6 6 4 Y A
4 0 0 6 6 H D
4 1 0 0 0 Y Y Y
5 0 1 5 1 1 W W
7 1 1 6 6 2 D D
1 1 7 7 7 2 Y D
6 0 0 0 L L D
7 7 7 4 4 4 B B B
4 3 3 7 6 6 A A A
2 6 7 7 9 9 A A
4 0 8 7 7 L L L
7 8 1 5 1 1 A A A
1 1 4 4 4 D D S
5 3 7 4 4 S S
7 5 5 7 7 7 A A A
1 0 0 1 0 D D
4 0 0 0 A A A
4 1 5 5 1 1 L S
1 1 1 3 3 Y D D
4 1 6 6 6 M Y D
4 1 5 5 1 7 Y D
4 4 5 5 0 6 D T T
7 1 1 6 0 D D
4 8 0 0 0 A A
1 0 0 0 1 1 A D
7 2 1 1 1 6 A S S
4 1 1 5 5 D D D
4 0 1 1 1 Y T T
1 1 4 4 1 4 D S
5 5 0 2 2 0 D D
6 6 0 2 2 M M
6 0 7 7 0 D
4 1 0 1 D D
7 6 5 5 5 1 1 A
4 1 1 7 3 D D
4 1 4 4 4 A
1 1 6 1 1 1 A A
4 4 5 4 4 4 A A A
6 1 4 4 1 W D
4 1 1 1 0 1 D D D
9 0 1 1 1 1 D
6 1 1 6 0 0 L D
1 1 1 6 0 0 D D
1 0 5 1 1 A D S
6 6 1 5 5 6 A A A
4 7 0 1 8 K K D
7 7 0 A A
1 1 1 1 8 8 A A A
3 1 5 6 0 0 Y H
7 1 1 1 5 5 D D
4 4 0 4 4 7 D D
4 4 5 8 8 8 B B B
0 0 0 7 7 D D D
1 0 0 0 D D
6 5 5 1 4 1 W D
8 7 9 6 9 4 A A A
1 1 1 1 R R
2 2 2 1 5 5 S Y
4 1 0 9 9 D D K
6 0 0 6 0 0 D
1 5 5 5 D D D
3 5 5 5 2 2 S S
1 0 6 1 Y Y
4 0 5 9 9 9 W Y Y
6 1 1 1 1 1 D
4 4 2 8 8 A A
4 4 4 9 D D D
1 4 4 4 5 5 A S
4 4 4 7 7 7 B B
6 1 1 1 D D
6 1 1 D K
4 0 5 4 4 4 Y Y Y
7 1 5 5 5 1 D A
1 5 4 4 4 L L L
1 1 1 1 9 1 Y B
0 0 8 7 8 8 D D
6 1 1 1 5 T T
4 3 0 5 0 0 D D S
4 5 8 3 8 8 H S
1 1 1 7 1 1 D D
7 7 5 8 4 D A A A
7 8 8 7 7 7 D
1 0 0 1 1 A A A
5 8 1 1 1 A
4 1 7 2 2 1 D D
4 4 4 4 1 1 L L
5 1 4 4 4 8 A A A
6 5 5 1 L L A