9 0 6 2 - 8 4 7 8
9 2 2 1 2 3 3 C 3
( 5 2 6 4 6 - X X X X X
1 6 3 1 6
1 6 9 6 9 8 8 - C L E
6 1 9 8 7
2 6 6 0 6 8 8 1 2
5 7 6 9
9 2 8 5 F B R L
3 5 7 5 6 8 1 9
4 5 8 0 H H O L L E
2 8 5 0 X 8 .
2 6 9 7 9 1 1
8 5 1 7 9
8 0 2 0
9 6 6 4
8 1 4 3 0 8 8 -
7 . 2 8 0 0 / 8 %
5 3 4 2 2
3 0 5 7 9 F
2 0 3 9 3 8 8 0 3
6 5 2 8 7
R M B S
1 0 5 8 S I X E D
( 2 3 0 5 2 - 8 - 0 0 0 8 )
8 4 9 6 4 G L A C E
5 6 1 9 5 5
4 2 6 4 8 8 8 6 5
6 3 7 0 6
1 6 2 5 7 - 6 L 2
2 5 0 2 @ 2 . 8
6 2 1 2 3
9 9 8 0 5 8 8
7 5 7 5 9 P L E
0 0 6 0 2 8 8 0 5
4 5 2 5 B R S L E
6 0 6 7 3 S A L E
C A S H I E R
2 8 5 0 X
( 7 5 2 7 4 - 2 )
9 3 2 8 F
8 1 4 5 0 - 8 3 9 - 4
T O T A L
6 0 5 9 1
2 8 1 5 2
( 4 3 6 9 4 8 - U 2
8 8 6 7 9
7 7 5 7 2 8 8 9
6 3 8 7 9 E -
5 0 2 3 4 R B L U E
2 2 6 1 6 S A L E
7 3 0 9 2
6 4 2 0 5
8 2 3 9
7 7 8 3 0 S I B L E
1 6 0 5 9
5 6 3 0 3 - P L C
5 9 8 2 8 -
6 3 7 0 6 M S L E
9 7 8 0 0
7 9 1 @ 6 %
6 3 8 4 2 B E L 2
6 1 4 5 6 @ 6 L - 2
6 6 0 2 5
7 8 0 6 8 S A L E
T O T A L
8 4 9 1 5 - 8 - 4
5 6 3 0 8
2 9 5 3 3 - B - G
2 1 8 6 9
3 8 8 9 7
7 2 1 6 5 R I C E
C A S H I E R :
2 8 2 1 8 F B L - 2
2 8 2 1 8 F B L - 2
C U T U R E
D I S C O U N T
4 1 9 4 7
3 1 8 2 4 8 8
9 8 3 6 6 8 8
8 5 0 . 4 9
3 . 9 %
( 7 8 8 7 9 - S R - E )
7 8 0 4 7 B B L U E
8 8 1 5 -
7 6 0 2 9
6 5 0 3 4 8 8
8 1 6 2 5 %
2 5 2 3
5 7 2 6 5 @ 3
6 5 3 6 6 8 8 1 3
4 1 5 6 3 - 8
2 8 9 0 6
3 2 8 6
8 6 5 0 8
G S T
2 8 3 9 0 8 8
9 7 8 0 0
1 2 2 3 2 8 8 - 4
9 2 1 7 3
6 2 1 4 9 F O L L E
1 4 9 1 0 & C L E
4 3 1 5 7 B O L L E
6 1 4 9 . 9 4
7 7 3 8 8
7 5 0 0 9
6 9 2 0 9 A S L E E
5 6 5 6 6 - P H S
4 9 7 5 6 -
7 8 1 0 & B I L L S
5 0 0 7 9
4 7 4 9 0
3 9 0 3 5
2 5 9 9 & R U L A
1 2 9 6 0 8 -
8 8 1 5 5 5 -
2 7 5 7 0
7 7 3 6 % @ 6 L @
R M
6 5 3 6 6 B
5 9 4 6 8
7 5 2 5 7
P A T S I A B L E
4 4 8 6 1
2 0 2 3 9
6 2 3 5 3
2 0 5 6 3 8
6 2 3 6 7 @ 6 C E
6 6 8 4 X 8 . 8
4 0 3 6 8 -
4 0 3 6 8 -
7 6 0 2 5 -
2 0 3 7 F I S C L E
1 2 6 9 2
6 1 9 8 2
2 9 7 2 8 S A L E
5 7 6 3 2 I O L C E
6 1 6 3 5 %
5 1 8 5 4 @
5 2 4 6 S H O L L E
8 0 7 6 1 @ P L 2
R M
3 5 8 0 7
9 3 6 4 8
6 0 9 9 0
6 0 8 2 5 X C L E
5 4 6 3 3 8 8 4 8
5 7 4 6 5 . 1 S L C
8 8 1 9 8 S E L
3 8 7 8 2 3
6 7 4 3
2 2 2 4 8
9 9 5 5 2 9 1 6 5 4
9 8 9 3 7
3 2 8 6 8 %
( 6 7 2 2 ) 8 - 9 8 0 8
1 3 5 9
E X P E R I E N C E
3 . 7 0
5 3 2 1 3 8 8 -
( 9 9 1 9 - R M - U - K )
3 2 8 2 7 @ 6 L 6
4 0 2 9 7 @ 1 9
4 6 3 1 2 F B L 2
4 8 9 2 1 @ 6 L 2
H A R T E
1 3 0 9 7
9 0 9 6 4 S T E L 2
8 8 8 6 0
6 3 0 7 9
4 0 3 6 8 - 8 - 2
3 9 3 5 7 8 - 4
9 5 5 8 7
5 5 3 6 6 S I T E
5 8 2 3 S S S E
7 4 9 0 2
5 9 5 0 8
S A L A N C E
3 2 2 2 0
5 3 4 4 4 8 8 8 L - E
6 0 2 9 0
2 7 7 0 9 - 8 0 3
3 4 Z U R S E L
8 8 7 2 . 8 6 5 - 3
1 6 5 2
9 7 4 5 8
5 7 9 2 3
1 3 5 9
1 7 9 5 3 8
1 9 5 4 S R # 6 1 2 2
9 9 2 1 5 . 3 M L :
2 0 3 4 5 . 0
1 8 3 7 1 8 - 4
1 8 4 8 8 S A L E
9 1 1 1 8 - B E L L E
9 3 1 5 - F A B L E
7 . 2 9
6 2 7 8 0 Z Z L E
T O T A L
8 9 7 0 3 R I C E
6 0 . 2 0
7 0 2 2 S H P L E
2 6 5 5 2 1 - B ( P C )
4 0 6 3 0 W I S C E
5 9 7 3 $ 8 . 2 5
3 3 3 0 0 S A L E
2 3 0 1 1 - 8 -
8 1 1 2 4 8 8
8 2 5 7 0 . 8 8
4 7 0 2 7 & P L E
8 3 2 5 C A S H
6 0 5 6 8
7 8 7 4 2 9
2 3 0 5 2 . 8 %
6 6 4 3 1 8 8
1 7 3 7 5 8 9
8 2 6 2 8
( 9 4 1 2 - X 8 -
8 1 2 2 7 8 8 3
7 0 5 8 0
( 2 7 5 - R U L - 2
7 9 5 8
3 8 0 5 8 1 4 6 4 6
7 3 7 4 4 8 9
3 7 9 0 5 1 1 8 L
1 8 3 7 7 8 8 - 4
2 2 1 2 8 -
9 7 0 9 3
9 5 8 V E G L A R
5 1 1 6 7 2 9 5
4 7 1 6 8 & G L A C E
9 8 6 3 1 8 8 L 2
8 1 7
7 3 5 6
3 6 3 0 0 C @ L A Y
B S T S R E F
8 9 7 0 3
5 9 0 0 2
1 9 9 8 6 8 - 4
2 8 4 5 2
7 0 2 2 F A I L E
8 5 3 9 2 R I C E
4 9 7 6 1
8 8 9 8 1
2 0 3 2
8 0 6 5 3
4 3 9 6 2 8 -
7 0 0 6
5 1 7 3 1
4 4 3 0 1 S B L 2
1 9 1 8 K G -
8 4 2 3 7 8 P L E
1 8 7 2 7 8 8
2 5 9 9 T H B E E
3 7 8 6 R E
5 8 2 0 2
2 4 3 1 9 & S L E E
3 8 0 5 8 L O L L E
1 9 9 4 7 9 - 4
2 8 7 8 6
3 3 2 6 A M
4 2 8 6 6 & C C 2
T E L : + +
1 1 6 7 8
9 2 0 9 8 %
C A S H I E R
9 4 1 0 & 2 5
7 6 7 3 9 @ 6 . 4 6
7 6 2 8 0
7 5 0 1 2 5
9 8 6 5 5 S C L E
3 6 8 @ J A L
0 8 0 1 6 8 9 - 3
8 8 0 6 X 6 -
( 8 6 7 3 8 -
6 2 2 8 3 8 8 -
1 2 2 6 - 8 8 - 2
8 1 7 3
2 1 2 9
8 4 3 9 # 8 -
6 8 2 3 5 1 4
7 8 8 2 7 P P L
9 8 4 0 9
4 9 0 9 R A B L E
3 7 3 8 3
8 7 9 6 9 J A L L E
4 8 4 6 1
5 4 1 3 - S A L
1 4 6 7 5
0 2 0 1 0
8 1 0 + A C H E
5 8 6 8 4 - 8 . 8
8 0 2 0 6
6 9 1 6 3 8 P L E
2 7 6 0 3
6 5 6 0 $ 1 . 4 9
7 6 2 1 6
2 2 0 6 9 P L E
( 1 8 ) 6 6 3 -
4 . 6 8
3 9 0 7 0
2 5 6 9 6 F I C E
6 5 0 6 9 8 8 4 6
6 0 0 0 4 @ C L =
3 3 6 1 7 . 0 0
2 5 1 1 9 @ 8 L E
7 8 1 7 3 S A L E
8 1 7 4 B B S L E
S R 1 5 & G L E
1 9 3 0 3 X 6 6 5
6 5 9 3 6
1 2 7 4 5
P L S R G : $ 4 . 5 0
6 . 2 5 8 5 @ 6 L @
A M O U N T
6 8 4 3 R E C L Z
( 9 8 0 4 1 - 2
2 6 1 8 K R L
6 6 6 R V O L
7 3 7 0 2 % G L A C E
8 7 5 8 9 S G L 2
5 8 2 3 S S A L E
5 7 6 2 4
1 8 3 8 1 & B L U E
7 5 4 9 8 6 8
4 3 9 6 R E -
1 3 5 8 0 1
8 8 6 9 - S L S
3 4 1 5 3 $ 8 . 4 9
9 5 4 9 7 S A L E
6 0 8 2 7
6 7 3 0 0 8
2 9 8 2
C A S H I E R :
7 / 8 / 2 0 1 8
7 4 4 9 9 8 8 8 0 2
1 8 9 0 9 S L E
8 3 2 9 3
8 6 1 5 7
8 7 8 8 4
5 0 7 4 8 8 8 2 4
9 5 0 2 S S T
( 9 5 7 8 7
5 4 2 6 1
5 5 7 9 6 -
6 2 8 6
6 6 6
8 0 9 2 2 8
5 8 2 3 S S S E
8 8 8 1 5 8 8 2 3
8 5 6 3 3 S A L E
8 9 5 4 3 S E L L E
9 / 0 3 / 2 0 1 8
1 8 5 6 % C L E
1 4 9 0 8 P B L 6
3 3 0 2 2 8 8
7 3 8 0 7 - 8 4 7 8
3 5 2 1 8 8
7 7 3 0 6 @ B L - 2
0 . 5 0
5 5 2 5 4 S A L E
2 2 6 4 B B S L L E
( 4 3 9 2 2 - 5
8 7 3 1 9 R I C E
2 0 4 4 @
6 7 1 2
7 5 4 0 8 R I C E
3 2 5 3 2
1 0 7 9 8
5 6 5 6 8 - 8
E X C L U D I N G R E C E I P T
8 0 2 0 6 8 8 6 L
3 6 4 5 8 7 9 L - E
3 8 7 0 2 3 2 5
4 8 2 6 @ W S
8 9 0 7 4 8 5 L 4
4 8 4 6 1
( 7 0 3 5 9 G
6 7 8 R I C E
8 2 3 9 +
1 4 3 1 9 @ 6 L 2
6 1 8 7 - 8
5 2 3 5 0
7 1 1 2 6 8 8 1 3
8 0 4 7 8
7 5 7 5 9 S @ L 2
6 1 . 2 8
6 3 2 5 9 8
5 8 2 9 9 . 8 %
2 0 7 3
( 6 1 9 8 7 ) $ 1 8 . 0 0
7 2 3 2 R A N G E
9 8 0 3 9 S S S T
2 8 1 5 2
9 6 5 6 F E E
9 6 0 1 6 . 4
7 0 9 0 A M O U N T
5 8 4 3 8 L O L
6 5 2 8 7 8 8 0 3
8 5 2 0 7 F G L E
S A L E S I N C L U S I V E
( 9 0 1 4 R & J
6 3 8 7 9
6 5 1 9 4 5 J A L
1 2 0 5 @ 3
6 3 7 0 6
6 7 9 1 2
7 8 2 7 6 F C L E
6 7 5 5 Z &
4 4 7 9 3 8 8 -
1 6 9 7 2 S A L E
5 7 1 7 8 . 8
3 0 1 4 9
0 . 0 4
6 1 9 8 2 9
7 5 7 5 9 & G L U E
9 0 6 2 8 7 4
5 3 1 2 2 - 8
8 0 7 1 | S H E L L L E
5 3 7 3 3 8 8
3 3 7 6 0
2 6 0 7
4 7 8 2 - 5
2 8 5 0 X
3 1 8 3 3 -
3 3 7 4 3 B
3 8 0 7 0 1 9 L
5 4 6 1 4 8 8 0 3
4 7 4 9 0 L I O N E
1 2 5 5 0
2 . 7 5 P E R
5 0 . 6
4 0 5 0 7 @ 6
$ 4 3 5 8 . 0 0
7 2 1 4 5 8 1 9
4 3 8 0 0
1 4 9 0 8 P E L 2
2 2 0 4 R E G
9 1 6 5 5 % C L E
5 8 2 9 9 8 8
5 1 6 0 3 . 8 8
7 6 0 2 9 S A L E
1 5 6 1 2 & G L A C E
7 0 6 7 8 -
1 2 . 9 0
9 6 5 5 1 @ 6 %
6 7 7 3 6 A I C E
4 1 9 4 7 X -
8 1 6 2 5 P U L A
3 6 1 3 9
1 4 3 0 0 8
3 1 9 0 4 8 8 -
4 2 4 1 + 6 4
G S T E D R I B E R
4 4 1 6 0 % S L E
4 7 5 5 6 S A L E
6 6 9 5 6
2 8 2 1 8 F B L 2
T O T A L : R E C E I P T F O R A N O F F E R
5 6 3 8 8 1 . 8 %
3 7 5 6 9 P L E
7 1 1 5 8 7 4
5 3 0 4 2 R I C E
7 6 5 9 8 - 8 - 2
6 6 3 0 7 P L E
9 6 7 4 6 9
2 6 8 9 8
8 7 6 9 3 1 1 0 5 6
E X C E I P T R I C E
2 2 2 1 3 $ 4
( 8 7 4 9 6 G - 4 -
1 3 5 6 0
6 3 1 5 8 3
3 5 3 8 2 S B L U E
8 1 6 0 6 G L A C E
5 6 8 9 9 T A L E
B A R A N T A N
4 4 2 8 | S L 2
1 9 4 9 R @ L &
9 4 3 5 8
3 6 3 8 7 - B E L L E
8 9 4 0 7
S A T U R D A Y S
6 6 6 3 0 $ 0 . 2 2
7 8 3 5 8
M A S C A R D S
2 4 5 7 9 . 8 8
2 9 7 2 8 % G L - 2
( 2 7 5 - R U L - 2
3 3 7 5 6 R I C E
8 5 3 8 9
( 8 0 4 7 8 . 8 % )
5 7 6 8 3
7 8 2 7 6 F C L E
4 2 9 4 1 J A L A C
3 8 7 0 2 6 4 -
6 0 7 2 4 8 8
8 3 4 0 2 5 -
5 8 4 3 8 . 1
3 8 5 0 F O L L E