G O O D S S O L D
9 2 2 1 2 B E L A
$ 2 6 . 5 0
T O T A L
1 6 9 0 9 8 8 8
6 1 9 8 7
2 6 6 0 6 B O L 2
5 7 6 9 8 9
9 2 8 5 F B O L :
3 3 7 5 6
4 5 8 U H H D - 4
2 8 5 0
2 6 9 7 9 1 3
8 5 1 7 9
8 0 2 0 8
9 6 6 4
8 1 4 3 0 8 -
7 2 8 6 9 . 8 %
1 5 3 4 2 2 B E E
3 0 5 7 9
2 3 7 3
6 5 2 8 7
2 8 . 0 %
1 9 5 8
0 3 0 5 2 S A L E
8 4 9 6 4 G L - 2
5 6 1 9 5
4 2 6 4 8
6 3 7 6 6
1 . 2 %
2 5 0 2 R E G
6 2 1 2 3
9 9 8 0 5
7 5 7 5 9 S A L E
1 6 6 8 6 2 1 8 8 9
4 5 2 5 B R L S
6 0 6 7 3 S A L E
7 7 5 5
2 8 5 0
7 5 2 7 4 2 4
9 3 2 8 F
8 1 4 5 0 - B A L 2
T O T A L & V A L U E
6 0 5 9 1 8 9
2 8 1 5 2
4 3 6 9 4 8
8 8 6 7 9
7 7 5 7 2 B R L
6 3 8 7 9
5 0 2 3 4 P B L Z
2 2 6 1 6 R B L - 2
7 3 0 9 2
6 4 2 0 5
8 2 3 9 +
1 7 8 3 0 H I L L S
1 6 0 5 9 4 -
5 6 3 9 3 P L C
5 9 8 2 . 5
1 6 3 7 0 6 M S L E
9 7 8 0 0
7 9 1 6 8 4
6 3 8 4 2 B I L L
6 1 4 5 6 G O L L E
6 6 0 2 5
7 8 0 6 8 F E L 2
9 3 9 8 0 0 8 -
* 4 9 0 5 - 4
5 6 3 0 8
2 9 5 3 3 R G
2 1 8 6 9
3 8 8 9 7
7 2 1 6 5 F R L S
8 7 9 4 - K A L L E
2 8 2 1 8 F L
2 8 2 1 8 R B L Z
G S T S I N G R E F U N D
G S T S Z H
4 1 9 4 7
3 1 8 2 4 8 8 C L
9 8 3 6 6
8 5 0 R E G
3 / 9 / 1 7 / 2 0 1 8
7 8 8 7 9
7 8 0 4 7 3 8 6 2
8 8 1 5 -
7 6 0 2 9
6 5 0 3 4 - 8 - 2
8 1 6 2 5 P O L Z
2 5 2 3
5 7 2 6 5
6 5 3 6 6
4 1 5 6 3 - 8
2 8 9 0 6 -
3 2 8 6 B R I -
8 6 5 0 8
1 2 8 1 9
2 8 3 9 0
9 7 8 0 0 8
1 2 2 3 2
9 2 4 7 3
6 2 1 4 9 F I L L
1 4 9 1 0 & C L E
4 3 1 5 7 8 8
6 1 9 . 6 5
7 / 1 3 / 2 0 1 8
7 5 0 0 9 8 -
6 9 2 0 9
5 6 5 6 6 R I C E
4 9 7 5 6
7 8 1 0 R & C L
5 0 0 7 9
4 7 4 9 0 - J A L Z
3 9 0 3 5 4
2 5 9 9 & R U L A
1 2 9 6 0 8 -
8 8 1 5 5 5 -
2 7 5 7 0 3
7 7 3 4 7 8 C L 3
1 3 6 1 4 P . O . S .
6 5 3 6 6 8
5 9 4 6 8
7 2 5 7
2 3 7 3 7 R @ L 2
4 4 8 6 1 R
2 0 2 3 9
6 2 3 5 3
2 0 5 6 3 8
6 2 3 6 7 R I C E
6 6 8 4
4 0 3 6 8
4 0 3 6 8
7 6 0 2 4 8 3
2 0 3 7 F R L
1 2 6 9 2
6 1 9 8 2
2 9 7 2 8 S P L
5 7 6 3 2 X C L
6 1 6 3 5 -
5 1 8 5 4
5 2 4 6 | F R I O L L E
8 0 7 6 1 & P L 2
3 . 1 | + L C L :
3 5 8 0 7
9 3 6 4 8
6 0 7 9 0
6 0 8 2 5 X 6 - 2
5 4 6 3 3 8 8 4 4
5 7 4 6 5 . X X X
8 8 1 9 8 S E L
3 8 7 8 2 3
6 7 4 2 3 -
2 2 2 4 8 R
9 9 5 5 2 9
9 8 9 3 7 & T O L A
3 2 8 6 8 -
6 7 2 2 8 . 9 9 9 9
1 3 5 9
B A R T I E R
6 . 7 7 5 5
5 3 2 1 3 6 5 -
9 9 1 9 8 9 - L T
3 2 8 2 7 & F L A
4 0 2 9 7 &
4 6 3 1 2 F O L
4 8 9 2 1 & B L 2
1 1 4 7 8 -
1 3 0 9 7
9 0 9 6 4 F I L L
8 8 8 6 0
6 3 0 7 9
4 0 3 6 8
3 9 3 5 7 B
9 5 5 8 7
5 5 3 6 6 S F L A
5 8 2 3 S S A L E
7 4 9 0 2
5 9 5 0 8 -
$ 8 . 9 0
3 2 2 2 0 8 8
5 3 4 4 4 8 8 8 L 2
6 0 7 9 0
2 7 7 0 9 -
3 4 2 0
8 8 7 2 . 8 9 9 9
1 6 5 2
9 7 4 5 8
( 5 7 9 2 3 8
1 3 5 9 &
1 7 9 5 3 8 @
1 9 3 4 5 & F E L L E
9 9 2 1 6 G G L A S
2 0 3 4 5 K E L S
1 8 3 7 1 8
1 8 4 8 8 S A L E
9 1 1 1 8 - 8
9 3 1 6 P A B L E
( 4 7 8 2 . 2 5 - 1
6 2 7 8 4 Z F @
2 9 1 6 0
8 9 7 0 3
6 0 4 2 9
7 0 2 2 F A L L
2 6 6 5 2 S . P . J .
6 0 6 3 0 R I G L
5 9 7 3 8 8 1 3
3 8 3 6 0 S A L E
2 3 0 1 1 - 8 - 2
8 1 1 2 4 8 8 4
8 2 5 7 0 . 8 6 4 9
4 7 0 2 7 S B L 2
8 3 2 5
6 0 5 6 8 X
( 7 8 7 4 2 3
2 3 0 5 2 8 3 6
6 6 4 3 1 8 8
1 7 3 7
8 2 6 2 8
9 4 1 2 X 8 -
8 1 2 2 7 8 8 0 3
7 0 5 8 0 1 P L - 2
1 7 5 F R L
7 9 5 8
3 8 0 5 8 1 X
7 3 4 8 3
3 7 9 0 5 1 1 0
1 8 3 7 7 B E L
2 2 1 2 8 5 5 -
9 7 0 9 3
9 5 8 @ 6 . 0 0
6 1 1 7 2 9 5
4 7 1 6 8 & G L
9 8 6 3 1 8 6 L 2
2 1 7 X P L
7 3 5 6
3 6 3 0 0 P . O . B O X
8 3 7 1 S I Z E
8 9 7 0 3
5 9 0 0 2 8 3 4
1 9 9 8 6 8 -
2 6 4 5 2 8 1 9
7 0 2 2 F A L L
8 5 3 9 2 2
4 9 7 6 1 &
3 8 9 0 1 - G S T
7 0 3 2 7
8 0 6 6 3
4 3 9 6 R E G
7 0 0 6
5 1 7 3 1
4 4 3 0 1 8 8 0 3
1 9 1 8
8 4 2 3 7 S A L E
1 8 7 2 7 8 8
2 5 9 9 1 1
3 7 8 6 K 8
5 8 2 0 2
2 4 3 1 9 R I C E
3 8 0 5 8 L O L L E
9 9 4 7 9 X C L
2 8 7 8 6
3 3 2 6 8 8 5
4 2 8 6 6
T E L :
1 1 6 7 8
9 2 0 9 B R O L L E
C O U N T
9 4 1 0 & 3 5 6 2
7 6 7 3 9 & G L
7 6 2 8 0
7 5 0 1 2
9 8 6 5 5 S A L E
3 6 8
T E L : 0 1 6 - 8 -
8 8 0 6 Z E G E
B 6 7 3 9
6 2 2 8 3
1 2 2 6 - 3 3 -
1 7 8 1 7 3 @ C L
2 3 2 9 6 8 9
8 4 3 9
6 0 2 3 5 X X
7 8 8 2 7
9 8 4 0 9
4 9 0 9 R I G L E
3 7 3 8 3 3
8 7 9 6 9 S E L 2
4 8 4 6 1 3 -
5 4 1 3 - S A L A
1 4 6 7 5
6 2 0 1 0 W A S H
8 1 0 +
5 8 6 8 4 - 8
8 0 2 0 6
6 9 1 6 3 B O L
2 7 6 0 3 5
6 5 6 0 +
7 6 2 1 6 R
2 2 0 6 9 P L E
T 8 1 6 6 6
4 6 8 & E L
3 9 8 7 8
2 5 6 9 6 F O L D
6 5 0 6 9 B I C E
6 0 0 0 6 P G L 2
3 3 6 1 7 8 8
2 5 1 1 9 R C L
7 8 1 7 3 S L C
8 1 7 4 B B S L E
1 3 9 1 5 & S L E
1 9 3 0 3 X 6 6 5
6 5 9 3 6
1 2 7 4 5
2 4 8 0 6 - 3 6 9 2
6 2 5 8 5 R I C E
B A R O R R I C E
6 8 4 3 R E C L
9 8 0 4 K -
2 6 1 8 R U L
6 6 6 R Y B L E
7 3 7 0 2 @ L C E
8 7 5 8 9 S A L E
5 8 2 3 S S A L E
5 7 6 2 4
1 8 3 8 1 & G L U E
7 5 4 9 8 6 8
4 3 9 6 R E G
8 3 5 8 0 R M
8 8 6 9 - B L 2
3 4 1 5 3 F I L L
9 5 4 9 7 F E L
6 0 8 2 7
1 6 7 3 0 0
2 9 8 2
A M O U N T
7 3 7 2 9 2 9
7 4 4 9 9 8 8 6 2
1 8 9 0 9 S L E
8 3 2 9 3
8 6 1 5 7
8 7 8 8 4 & C L :
5 0 7 4 8 8 8
9 5 0 2 S S T
9 5 7 8 7
5 / 2 6 1 8
5 5 7 9 6 -
6 2 8 6 R F L
6 6 6 8 5 4
8 0 9 2 2
5 8 2 3 S S A L E
8 8 8 1 5 8 6
8 5 6 3 3 S A L E
8 9 5 4 3 B B L U E
9 / 6 3 / 8
1 8 5 6 7 S A L E
1 4 9 0 8 P C L
3 3 0 2 2 - 8
7 3 8 0 7 8 3 5 2
3 5 2 1 8 8
7 7 3 0 6 F I L L
* * *
5 5 2 5 4 S A L E
2 2 6 4 B E G L E
1 3 9 2 2 F E E
8 7 3 1 9 R I C E
2 0 4 4 8 9 8 2 5
6 7 1 2
7 5 4 0 6 2 8 1 2
3 2 5 3 2
1 0 7 9 8
5 4 5 6 8
2 2 2 0 0 - M
8 0 2 0 6 -
3 6 4 5 8 7 8 L 2
3 8 7 0 2 3 2 4
4 8 2 6 B W C L
8 9 0 7 4 B I L L S
4 8 4 6 1 3 -
2 0 1 5 9
6 7 8
8 2 3 9
1 4 3 1 9 8 9 1 2
6 1 8 7 - 5
5 2 3 5 0 R
7 1 1 2 6 8
8 0 4 7 8 8
7 5 7 5 9 S B L 2
6 T & 2 B A R
6 3 2 5 9
5 8 2 9 9 8 4 0
9 2 4 7 3
6 1 9 8 7 $ 1 8 . 2 5
7 2 3 2 R M B L U E
9 8 0 3 9 H R L
2 8 1 5 2
9 6 5 6 F A X
9 6 0 1 6
7 0 9 0 A M O L
5 8 4 3 8 L A L
6 5 2 8 7
8 5 2 0 7 F O L Z
S R : 0 3 / 2 0 1 8 0 9 : 5 9
9 0 1 4 R &
6 3 8 7 9
6 5 1 9 4 S A L E
1 2 0 5 6
6 3 7 0 6
6 7 9 1 2
7 8 2 7 6 F C L :
6 7 5 5 Z G P S
4 4 7 9 3 8 8 -
1 6 9 7 2 S A L E
( 4 7 1 7 8 - G -
3 0 1 4 9
0 6 4
A 6 1 9 8 - R I C E
7 5 7 5 9 % G L
9 0 6 2 8 7 4
5 3 . 2 2
8 0 7 1 I S K O L E
5 3 7 3 3 8 8
3 3 7 6 0 X X
2 6 9 7 -
4 7 8 2 R E G
2 8 5 0 X 3 3
3 1 8 3 3 -
3 3 7 4 3 B
3 8 0 7 0 A M O U N T
5 4 6 1 4 8 8 1 2
4 7 4 9 0 L I O L E
1 2 5 5 0
2 1 7 3 7 P E R
5 0 4 6 8 0
4 0 5 0 7 R I C E
$ 4 3 5 8 & S H O P
7 2 1 4 5 8
4 3 8 0 0 H O L D
1 4 9 0 8 P E L
2 2 0 4 R R
9 1 6 5 5
5 8 2 9 9 8 5 4
5 1 6 0 3
7 6 0 2 9
1 5 6 1 2 & S L C E
7 0 6 7 8 B
1 2 9 6 0 . 6 %
9 6 5 5 1 R I C E
6 7 7 3 6
4 1 9 4 7 X -
8 1 6 2 5 P . P L .
3 6 1 3 9
1 4 3 0 0 6 8 -
3 1 9 0 4 8 8
4 2 4 1 + L O L A
G S T 6 0 R I C E
4 4 1 6 0 3
4 7 5 5 6 S A L E
6 6 9 5 6
2 8 2 1 8 F O L D
8 7 9 M A R L
5 6 3 0 8 X X X
3 7 5 6 9 P L E
7 1 1 5 8 7 4
5 3 0 4 2 R I C E
7 6 5 9 8 3 8 C L
6 6 3 6 7 R P L
9 6 7 4 6
2 6 8 9 8 - U
8 7 6 9 3 X X
2 3 7 3 7 3 S L C E
2 2 2 1 3
T 8 7 4 9 6 G A L S
1 3 5 6 0
6 3 1 5 8 3
3 5 3 8 2 S S L C
8 1 6 0 6 @ 6
5 6 8 9 9 F I L L S
6 5 2 1 7 1 8 P 3
4 4 2 8 K S L 2
3 1 9 4 9 R C L - 2
9 4 3 5 8
3 6 3 8 7 S A L E
8 9 4 0 7
9 4 0 0 5 S A L E
6 6 6 3 0
7 8 3 5 8
Y E E P A B L E
2 4 5 7 9 8 8
2 9 7 2 8 S B L 2
1 7 5 F R L
3 3 7 5 6 R I C E
8 5 3 8 9
8 0 4 7 8 8 7 4
5 7 6 8 3
7 8 2 7 6 F C L :
4 2 9 4 1 K H O L
3 8 7 0 2 8
6 0 7 2 4 8 3 -
8 3 4 0 2 5 -
5 8 4 3 8
3 8 5 0 S A L E