1 5 2 5 T
0 2 2 L Y
4 2 6 4 0 S
1 6 5 1 6 L
1 6 9 0 9 B B
6 1 9 8 1 Y
2 6 6 0 6 S
5 7 6 9 Y
5 8 1 B S
5 5 7 5 0 S
4 5 8 H H
2 8 5 0 A S
2 6 9 7 9 A A
8 5 3 7 9 L
8 0 2 0 B D
7 1 5 L
8 1 4 5 0 B B
7 2 8 0 9 T
5 3 4 2 2 D
3 0 5 7 9 H
2 0 3 7 3 T
6 5 2 8 7 S
7 8 9 0 S
1 5 5 B
4 4 5 2 S
8 4 9 6 4 L
5 6 1 9 5 T
4 2 6 4 8 B
6 5 7 0 6 M
1 4 2 4 7 K
2 5 0 2 R H
6 2 1 2 5 L
9 9 8 0 5 B B
7 5 7 5 9 S
6 6 8 6 2 B B
4 5 2 5 L T
6 0 4 7 3 W
7 4 2 3 5 Y D
2 8 5 0 A B
7 5 2 7 4 Y
9 3 2 8 H
5 5 S S
5 5 5 1 5 5 B
6 0 5 9 1 Y
2 8 1 5 2 Y
4 3 6 9 4 T
8 0 0 7 9 S
7 7 5 7 2 D
6 3 8 7 9 H
5 0 2 3 4 R
2 2 6 2 6 W
7 5 0 9 2 Y
6 4 2 0 5 L
5 1 8 2 9 T
7 7 8 5 0 L
1 6 0 5 9 T
5 6 3 9 5 W
5 5 8 2 B H
6 5 7 0 6 H
5 7 8 0 0 B
7 9 1 B D
8 3 8 4 2 L
6 2 4 5 6 M
6 6 0 2 5 B
7 8 0 6 8 H
5 7 8 0 B S
4 4 9 8 5 S
5 6 5 5 8 L A
9 9 5 5 5 T
2 1 8 6 9 L
3 8 8 9 7 H
7 2 1 4 5 S
8 7 9 1 A A
2 8 2 2 8 H
2 8 2 1 8 H
6 6 0 5 0 A
4 5 4 2 2 H
4 1 9 4 7 A
3 1 8 2 4 B B
9 8 5 6 6 B B
8 5 0 H Y
3 4 9 1 7 H L
7 8 8 7 9 L
7 8 0 0 4 7 B
8 8 1 5 H H
7 6 0 2 9 H
6 5 0 3 4 B B
8 1 6 2 5 T
2 5 2 3 T L
5 7 2 6 5 L
6 5 3 6 6 L
4 1 5 6 S T
7 8 9 0 6 Y
3 2 8 6 D T
8 6 5 0 8 A A
1 2 8 1 9 A A
2 8 5 9 0 B
9 7 8 0 0 B
1 2 2 3 2 Y
9 2 2 7 3 H
6 2 1 4 9 Y
1 4 9 2 0 M
4 3 1 T L
6 1 4 9 Y
7 1 7 1 3 B
7 5 0 0 S
6 9 2 0 3 A
5 6 5 6 0 A
4 9 7 5 6 B B
7 8 1 0 R H
5 0 0 7 9 B B
4 7 4 9 0 A A
3 9 0 3 5 L
2 5 4 B
1 2 9 6 0 T
8 8 1 5 H H
2 7 5 7 5 H
8 7 6 2 T S
4 3 6 4 4 S
6 5 3 6 6 B
5 9 4 6 8 Y
7 4 2 5 7 R
2 5 3 7 R
4 4 8 6 1 T
2 0 2 3 9 A
6 2 3 5 3 L L
2 0 5 6 3 D
6 2 3 6 7 M
6 6 8 4 A S
4 0 3 6 8 B
4 0 3 6 8 B
7 6 0 2 4 B B
7 1 8 1 L L
1 2 6 9 2 S
6 1 9 8 2 S
2 9 7 2 8 S
5 7 6 3 2 A
6 1 6 3 B H
5 1 8 5 4 L
5 2 4 3 T T
8 0 7 6 1 W
5 5 5 B
5 5 8 7 L L
9 5 6 4 8 B B
6 0 7 9 0 W
6 0 8 2 5 A
5 4 6 3 3 B B
5 7 4 6 5 L L
8 8 1 9 8 S
5 8 7 8 B W
6 7 4 2 3 B B
2 2 2 4 8 R
9 9 5 5 2 W
9 8 9 3 7 L
5 2 8 6 D R
6 7 2 2 B Y
1 3 5 9 L
5 2 7 2 7 A A
6 4 7 7 8 B B
5 3 2 1 5 B B
7 0 1 9 A Y
3 2 8 2 7 W
4 0 2 9 7 W
4 6 3 1 2 H
4 8 9 2 1 H
1 1 4 7 8 Y
1 3 0 9 7 T
8 0 2 6 4 B
8 8 8 6 0 M
6 3 0 7 9 M
4 0 3 5 8 B
3 9 3 5 7 T
9 5 5 8 7 L
5 5 3 6 6 K
5 0 2 5 S S
7 4 9 0 2 L
2 7 L H
6 4 4 0 L
5 2 2 2 0 S B
5 3 4 4 4 B B
6 0 7 9 0 W
2 7 7 0 9 Y
3 4 2 0 R S
8 8 7 2 B R
1 6 5 2 H R
7 7 4 5 8 S
5 7 9 2 3 B
4 8 5 2 S
1 7 9 5 3 B
1 9 3 4 5 R
0 9 2 1 6 S
2 0 3 4 5 M
1 8 3 7 T
1 8 4 8 8 S
9 1 1 2 8 B B
9 3 1 4 H T
4 7 8 2 H Y
6 2 7 8 4 S
8 0 0 6 0 B
8 9 7 0 3 R
5 0 4 2 3 T
7 1 9 2 2 T T
9 6 4 5 2 S L
4 0 6 3 0 K
5 9 7 3 Y
3 8 3 4 0 S
2 3 0 1 2 B B
8 1 1 2 4 B B
8 2 5 7 3 B B
4 7 0 2 7 M
8 3 2 5 H H
6 0 5 6 8 L
7 8 7 4 2 S
2 3 0 5 2 S S
6 6 4 5 1 A A
1 7 3 7 B H
8 2 6 2 5 D
9 4 0 2 L B
8 1 2 2 7 D
7 0 5 8 0 L L
4 6 T T
7 9 5 8 H H
5 8 0 5 8 A A
7 3 7 4 4 B
5 7 9 0 5 A A
1 8 3 7 7 L
2 2 1 2 8 B B
9 7 0 9 3 B
5 8 Y Y
5 1 1 6 Y
4 7 1 8 8 K
1 8 6 3 1 B
4 2 1 0 7 L
7 3 5 6 S
4 5 4 5 5 S S
8 9 5 S
8 9 7 0 3 R
5 9 0 0 2 B B
1 9 9 8 6 D
2 6 4 5 2 D
1 1 2 2 L T
8 5 3 9 2 R
4 9 7 6 1 H
8 8 9 0 L
7 0 3 2 7 B
8 0 6 5 3 T
4 5 9 6 Y S
7 0 0 6 M
5 1 7 3 1 B
4 4 3 0 1 B
1 9 1 8 H Y
8 4 2 3 7 B
1 8 7 2 7 B B
2 5 9 5 H S
5 7 8 0 K S
5 8 2 0 2 M
1 9 3 1 0 Y
3 8 0 5 8 A A
9 9 4 7 9 A A
2 8 7 8 6 B B
3 3 2 6 A A
4 2 8 6 6 W
6 2 4 S
1 1 6 7 8 S
9 2 0 9 B R
5 7 9 9 2 A A
9 4 1 0 R M
7 6 7 3 9 M
7 6 2 8 0 Y
7 5 0 2 2 L L
9 8 6 5 5 S
4 6 8 Y
1 8 0 1 D S
8 5 0 6
8 6 7 3 Y T
6 2 2 8 3 B B
1 2 2 6 B S
7 8 1 7 3 Y
2 1 2 9 S S
8 4 3 9 H H
6 0 2 3 5 L A
7 8 8 2 7 B
9 8 4 0 9 L L
4 9 0 9 A H
3 7 3 8 3 H
8 7 9 6 9 B
4 8 4 6 1 W
5 4 1 3 S S
1 4 6 7 5
6 2 0 L T
5 4 1 T T
5 8 6 8 4 B B
8 0 2 0 6 B B
6 9 2 6 3 B
2 7 6 0 3 L
8 5 5 3 L
7 6 2 1 6 R
2 2 0 6 9 K
1 1 8 1 4 B B
4 6 8 H
5 9 8 7 8 H
2 5 6 9 6 T
6 5 0 6 D
6 0 0 0 4 Y
3 3 6 1 7 B B
2 5 1 1 9 R
7 8 1 7 3 Y
8 4 7 4 D D
4 3 9 1 5 M
2 9 3 0 3 A
6 5 9 3 6 S
1 2 7 4 5 L
2 4 8 0 6 Y
6 2 5 8 5 R
8 2 5 8 8 M
6 8 4 3 R S
9 8 0 4 A M
2 5 1 1 T S
6 6 6 H Y
7 3 2 0 2 S
8 7 5 8 9 Y
5 8 2 3 S S
5 7 6 2 4 Y
1 8 3 8 1 B
7 5 4 9 8 B B
4 3 9 6 H R
4 5 5 8 0 L L
8 8 6 9 B M
3 4 1 5 3 Y
0 5 4 9 7 H Y
6 0 8 2 7 T
6 7 3 0 L
2 9 8 2 Y
2 5 1 2 0 L L
7 1 3 2 2 M
7 4 4 9 9 B B
1 8 9 0 9 Y
8 5 2 9 5 K
8 6 1 5 7 H
8 7 8 8 4 H
5 0 7 4 8 B B
9 5 0 2 S S
9 5 7 8 7 Y B
5 4 2 8 1 D
5 5 7 9 6 B B
6 2 8 6 R Y
6 6 6 B Y
8 0 9 2 2 D
5 4 2 3 S S
8 8 8 1 5 B B
8 5 6 3 3 S
8 9 5 4 3 D
5 7 0 3 D T
1 8 5 6 1 S
1 4 9 0 D Y
3 3 0 2 2 B B
7 3 8 0 T S
3 5 2 2 8 T
7 7 3 0 4 M
6 4 8 8 S H
5 5 2 5 4 H
2 2 6 4 B D
3 9 2 L
8 7 5 2 9 R
2 0 4 4 A W
6 7 1 2 B
7 5 4 0 6 R
5 2 5 2 2 L
1 0 7 9 8 K
5 4 5 6 B S
1 2 2 5 5
8 0 2 0 6 B B
3 6 4 5 B Y
5 8 7 0 A D
4 8 2 0 B W
8 9 0 7 4 D
4 8 4 6 1 W
7 0 1 5 9 A
6 7 8 R
5 8 3 S
1 4 3 2 9 W
6 1 8 7 H S
5 2 3 5 0 R
7 1 1 2 D S
8 0 4 7 8 D
7 5 7 5 9 S
6 1 4 2 L T
6 3 2 5 9 L
5 8 2 9 7 L A
9 2 2 7 3 H
6 1 9 8 7 Y
7 2 3 2 R W
9 8 0 3 9 H
2 8 1 5 2 Y
7 3 5 L T
9 6 0 2 0 L
7 0 9 0 H M
5 8 4 5 8 A A
6 5 2 8 7 S
8 5 2 0 7 H
9 5 7 6 3 S
9 5 L L
6 3 8 7 9 L
6 5 2 9 L S
1 A 1 L T
6 3 7 0 6 A
6 7 9 1 2 L
7 8 2 7 6 H
6 7 5 5 L W
4 4 7 9 5 S B
1 8 8 7 2 S
4 7 1 7 8 A
3 0 1 4 9 L
9 6 4 S
6 1 8 8 Y
7 5 7 5 9 S
9 0 6 2 B Y
5 3 4 2 2 D
4 8 4 L L
5 3 7 3 3 B B
3 3 7 6 0 A A
2 6 9 7 9 A L
4 7 8 2 H Y
2 8 5 0 A B
3 1 8 3 5 B B
3 3 7 4 3 D
7 3 8 0 7 B S
5 4 6 1 4 B
4 7 7 7 A L
1 2 5 5 T S
2 1 7 3 7 R
5 9 4 6 8 Y
4 0 5 0 7 T
4 4 3 5 8 B S
7 2 1 4 5 S
4 3 8 0 0 A L
1 4 9 0 D Y
2 2 0 4 R R
9 1 6 5 5 S
5 8 2 9 9 B T
5 1 6 0 3 B B
7 6 0 2 9 H
2 5 6 1 2 H
7 1 4 7 8 S
1 2 9 8 0 D
9 6 5 5 1 R
8 7 7 3 6 L
4 1 9 4 7 L
8 1 6 2 5 S
5 6 1 5 9 L A
1 4 3 0 0 B S
3 1 9 0 4 B S
9 2 5 1 T T
4 4 1 6 0 S
4 4 2 6 0 S
4 7 5 5 6 S
6 6 9 5 6 A A
2 8 2 1 8 H
8 7 9 1 A A
5 6 3 0 8 A A
3 7 5 6 9 H
7 1 1 5 B Y
5 3 0 4 2 R
7 6 5 9 8 B B
6 6 3 0 7 R
9 6 7 4 6 Y
2 6 8 B T
8 7 6 9 3 A A
4 1 7 3 7 R
2 2 2 1 3 Y
8 7 4 9 6 L
4 3 5 6 0 Y
6 5 1 5 8 W
3 5 3 8 2 S
8 4 0 0 6 Y
5 6 8 9 9 Y B
6 5 2 2 7 R
4 4 2 8 L
4 1 9 4 9 R
9 4 3 5 8 B B
3 6 3 8 7 B B
8 9 4 0 T B
5 4 0 0 B
6 6 6 3 0 Y
7 8 3 5 8 M
7 5 4 9 L
2 4 5 7 9 B S
2 9 7 2 8 S
4 6 T T
3 3 7 5 8 R L
8 5 3 8 8 S
8 0 4 7 8 D
5 7 6 8 3 H
7 8 2 7 6 H
4 2 9 4 L
5 8 7 0 A D
6 0 7 2 4 B B
8 3 4 0 2 H
5 8 4 5 8 A A
3 8 5 0 H