4 5 2 B Y
7 0 2 2 2 L
4 4 6 4 6 A A
7 7 6 7 2 D A
1 6 7 0 9 B
5 5 1 9 6 L
2 6 6 0 6 D D
5 7 7 6 9 Y
5 1 4 1 5 M H
5 3 7 5 6 R R
4 5 8 1 H R
2 2 8 0 0 B
2 6 9 7 0 A A
3 3 3 1 7 Y
8 0 2 0 0 D
7 7 1 1 1 S S
8 1 1 4 3 D B
7 2 2 8 0 D
5 3 4 2 2 2 D
5 0 5 7 9 H
2 0 5 7 3 D
6 5 5 2 8 Y
7 8 8 0 B B
1 3 3 8 8 D
2 1 0 5 2 2 D
8 4 9 6 4 A
5 6 6 1 9 S
4 2 6 4 8 R
5 3 5 7 1 D
4 4 2 4 7 M
2 5 0 2 R W
6 2 2 1 2 2
9 9 8 0 0 B B
7 5 7 5 9 S
6 6 8 6 2 L B
4 5 2 5 3 D R
6 0 4 7 3 W W
7 4 1 1 5 D D
2 8 5 0 B A
7 5 2 2 7 H M
3 3 2 8 8 H
5 3 1 3 3 S
5 3 5 T
6 0 5 9 1 Y
2 8 1 5 2 2
4 5 6 9 9 D D
8 8 8 7 7 D S
7 7 5 7 7 D D
6 3 5 8 7 D H
5 0 2 3 4 R R
2 2 6 6 W W
7 5 0 9 2 2 Y
6 4 2 2 3 B
5 1 4 4 3 T
7 7 6 3 0 K
1 6 6 0 5 D W
5 6 3 9 3 W W
5 5 8 8 2 H H
5 7 7 0 0 M M
4 7 8 0 0 B B
7 9 1 1 B
5 3 8 4 2 2 D
6 1 4 5 6 M
6 6 6 0 2 2
7 8 0 8 8 R
3 3 8 0 0 B
4 4 1 3 3 S
3 6 6 3 0 D A
7 9 9 5 5 M R
2 1 8 6 9 Y
5 8 8 9 7 M M
7 2 1 4 5 D
8 7 9 1 A L
2 8 2 8 8 R
2 2 1 8 8 R
6 6 0 5 5 A A
1 5 1 5 2 M
4 1 9 4 7 A
3 1 8 2 4 B
9 8 8 6 6 D R
8 5 5 0 H H
5 4 9 1 7 W W
7 8 8 7 7 Y M
7 8 0 4 7 D
8 8 8 1 5 H H
7 6 5 2 2 D R
6 5 0 3 4 B
8 6 6 2 5 R
2 5 2 3 3 R
5 7 7 2 6 D
6 5 5 6 0 D
4 1 5 6 7 B R
2 8 9 3 3 D
5 2 8 6 6 D
8 6 5 0 8 A A
2 2 8 1 9 A A
2 8 3 9 9 B B
9 7 7 8 0 B B
1 2 7 2 2 2
9 2 1 7 3 H H
6 2 1 4 9 Y
1 4 9 1 1 L
4 3 3 1 3 D
5 5 1 4 Y H
7 1 7 1 1 D B
7 5 5 0 0 B M
5 5 2 0 0 D A
5 6 5 6 6 D A
4 9 7 5 6 D B
7 8 1 1 0 W
5 0 0 7 7 Y B
4 7 4 1 0 A A
5 9 0 0 5 M A
7 4 1 4 B H
1 2 2 9 6 B
5 5 8 2 2 H H
7 5 7 7 0 W
5 7 4 1 1 R Y
4 3 6 4 4 B
6 5 5 6 6 B B
5 9 4 6 6 K Y
7 4 2 5 7 R R
2 1 1 3 R R
4 4 8 6 6 L R
2 0 2 3 9 D A
6 2 2 3 5 D A
2 0 5 6 6 D D
6 2 3 6 7 M M
6 6 8 4 A A S
4 0 0 8 6 K
4 0 0 8 6 K
7 6 0 2 2 H B
7 1 1 9 7 H
1 2 2 6 9 9 S
6 1 9 8 2 2
2 9 7 2 8 S
5 7 6 3 2 A
6 1 6 5 5 B
5 1 8 8 5 H
4 1 1 L R
8 0 7 6 1 W
5 5 1 1 T Y
5 5 8 1 7 A A
9 5 6 4 4 K B
6 3 7 0 1 B W
6 0 8 2 2 A A
5 4 6 3 5 B B
5 7 4 6 5 A A
8 8 1 9 8 K S
5 8 7 8 8 H
6 7 4 2 2 2 B
2 2 2 2 4 R R
9 9 5 5 5 L
7 8 9 7 7 7
5 2 8 6 6 R
5 7 2 2 2 D
3 3 5 9 9 A
5 2 2 7 2 A A
6 4 7 7 7 D B
5 3 3 2 1 B B
9 9 9 1 9 A W
5 2 8 2 7 7
4 0 2 9 7 H
4 6 3 1 2 H
4 8 9 2 1 W
1 1 4 7 7 D Y
3 3 0 0 9 7 R
8 9 6 4 B L
8 8 8 8 1 L
6 3 0 7 9 D M
4 0 0 3 5 D B
5 9 3 5 7 D D
9 5 5 8 7 7 M
5 5 3 6 6 R
5 5 0 3 5 S
7 4 9 0 2 A A
3 7 3 3 L H
8 8 9 4 0 A
5 2 2 2 0 B B
5 3 4 4 4 B B
6 1 7 9 0 D
2 7 7 0 9 Y Y
3 4 4 2 0 R R
8 8 8 7 2 B R
1 6 5 2 2 R
7 7 7 4 5 D
5 7 9 2 2 B B
7 3 5 5 9 A
1 7 9 5 3 3
1 9 3 4 5 R
9 9 2 1 4 K
2 0 1 5 4 H M
1 8 3 1 1 D
1 8 4 8 8 D S
9 1 1 1 8 B
9 3 1 4 M Y
4 7 8 2 2 Y
6 2 7 8 4 H S
1 0 4 3 0 D S
8 9 7 0 3 D R
5 0 1 2 2 2 R
4 1 9 9 T R
2 6 4 2 2 D
4 0 6 3 0 W
5 9 7 3 3 Y
5 8 8 4 4 D
2 3 0 1 1 B B
8 1 1 2 2 H B
5 2 5 7 7 D D
4 7 0 2 7 M
8 3 2 5 5 M
6 0 5 6 8 B A
7 8 7 4 7 L S
2 3 5 3 3 B B
6 6 6 4 3 3 A
1 7 3 7 7 H
8 2 2 6 2 D
9 4 4 1 2 A
8 1 1 2 2 2 D
7 5 5 8 0 L
4 7 5 5 R R
7 9 5 8 8 M
5 8 0 5 8 R A
7 5 7 4 4 H B
5 7 9 0 5 A A
1 8 3 7 7 D
2 2 1 1 2 B B
9 7 0 9 9 B
5 5 8 Y Y
5 1 1 1 6 Y
4 7 1 8 8 R
7 8 6 3 1 B
4 2 1 0 7 A
7 3 5 5 6 S
5 3 0 4 L
5 3 3 1 1 A
8 9 7 7 5 D R
5 9 0 0 2 B B
1 9 9 9 8 D D
2 6 6 4 5 2 D
7 1 9 2 T R
8 5 3 3 2 2 R
4 9 7 6 1 L W
8 6 9 0 2 H H
7 0 3 2 7 K
8 0 6 5 3 D D
4 3 3 6 D H
7 0 0 0 5 M
5 1 7 7 1 L B
4 4 3 0 1 B
1 9 9 8 8 H
8 4 2 3 7 R
1 8 7 2 7 B B
2 5 9 4 3 H
5 7 7 3 1 T
5 8 2 0 2 M
4 4 5 1 9 W
5 8 0 5 8 A
9 0 4 7 9 A A
2 8 7 8 0 B B
5 5 5 2 6 A
4 2 8 6 6 D W
4 4 1 4 1 S S
1 1 6 7 D R
9 2 0 9 B R
5 7 0 0 0 B A
3 4 1 1 0 R
7 6 7 3 9 M
7 6 2 8 0 D Y
7 5 5 0 1 L
9 8 8 5 5 D S
4 8 8 9 Y
8 8 0 D D
8 8 8 0 0
8 5 5 7 3 Y Y
6 2 2 2 8 B B
1 2 2 6 6 B
7 8 1 7 5 Y
2 3 2 9 D R
8 4 4 3 9 W
5 0 2 3 3 A A
7 8 8 2 7 D D
9 8 8 1 0 Y A
4 7 0 9 A W
3 7 7 3 8 W W
8 9 6 9 9 B
4 8 8 4 6 L W
5 4 1 1 3 S S
1 1 4 6 7 D
6 2 0 1 1 D R
4 1 1 1 A A
5 8 6 8 4 B
8 1 2 2 0 D B
6 9 1 6 5 D
2 7 7 6 5 B B
4 4 1 1 1 T T
7 6 2 1 0 D R
2 2 0 6 9 W
1 1 8 1 4 A B
4 6 8 8 W
5 9 8 7 8 D H
2 5 6 9 6 D H
5 5 0 6 6 Y D
5 0 0 0 4 M
3 5 6 1 7 7 D
2 5 1 1 1 Y R
7 8 1 7 3 Y Y
8 7 7 4 D D
4 3 9 1 5 M M
1 9 3 0 3 A
6 5 0 3 6 D S
1 2 2 7 5 H H
2 4 8 8 6 Y Y
6 2 5 8 5 R
8 2 2 8 8 8
6 8 4 3 R R
9 8 8 4 4 A
4 4 5 1 1 Y
6 6 6 R Y
7 7 7 2 2 S
8 7 5 8 0 Y Y
5 8 2 2 5 S
5 7 6 2 4 H Y
1 8 3 8 1 R
7 5 4 8 8 B
4 3 9 6 H H
3 3 5 0 0 A A
8 8 8 9 D M
5 4 1 5 5 D Y
5 5 5 4 7 H H
6 0 8 2 7 T T
5 7 7 3 0 0 D
2 9 8 8 2 Y
2 5 1 7 0 L
7 1 3 2 2 M M
7 4 4 9 9 B
1 8 9 1 9 Y
8 5 2 9 9 D Y
8 6 1 5 7 7
8 7 8 8 8 H
5 0 7 4 8 8 B
3 5 3 2 2 S
9 5 5 7 8 D Y
5 4 2 6 1 D D
5 5 7 9 6 H B
6 2 8 6 6 R
6 6 6 6 R
8 8 0 9 2 2 D
5 8 2 3 5 S S
8 8 8 1 5 B B
8 5 6 3 3 S
8 9 5 4 3 D
3 7 1 3 3 R
1 8 5 6 7 S S
4 4 9 0 0 Y
5 5 0 2 2 B
7 3 3 8 7 Y
5 5 2 1 8 D D
7 7 3 0 4 R
1 4 1 8 8 S
5 5 2 5 4 H
7 2 2 4 4 D
4 3 3 2 2 R
8 7 5 1 9 Y
2 0 4 4 A W
6 7 7 2 2 B
7 5 4 0 6 R R
5 2 5 7 L H
1 0 7 9 8 R
5 4 5 6 6 B B
1 2 2 2 5 D
8 0 2 0 0 D B
3 6 4 5 B Y
5 8 8 7 3 A A
4 8 2 0 B W
8 5 0 1 7 H D
4 8 8 4 6 L W
7 1 1 5 9 Y A
6 7 8 R
1 1 4 5 9 D
1 4 4 5 1 Y H
6 1 8 7 7 S
5 2 3 5 0 B R
7 1 1 2 2 D
8 0 4 7 8 K
7 5 7 5 9 D S
5 1 1 2 2 D
6 3 3 2 5 Y
5 8 2 9 9 D A
9 2 1 7 5 S H
6 1 1 8 7 Y Y
7 2 3 2 R W
9 8 0 3 9 R
2 8 1 5 2 2
7 7 1 1 1 H H
9 6 0 1 1 D A
7 0 9 0 M M
5 8 4 3 8 A
6 5 2 8 7 7
8 5 2 0 7 H
9 5 1 1 3 3 S
1 1 1 A D
6 3 8 7 7 R R
5 1 1 H S
9 4 1 1 H Y
6 5 7 7 0 D
6 7 9 1 2 A
7 8 2 7 7 D H
5 7 7 5 3 L W
4 4 7 9 5 B B
1 5 4 7 7 L S
4 7 1 7 8 A A
5 0 1 4 4 Y
1 0 6 H H
6 6 3 9 8 K Y
7 5 7 5 9 D
9 0 6 2 2 Y
5 3 4 2 2 2 D
3 1 1 1 D R
5 3 7 3 3 B B
5 3 7 6 0 A A
2 6 9 7 9 A A
4 7 8 2 2 H
2 8 8 5 0 A
5 1 8 3 3 B B
5 5 7 4 5 K D
5 5 8 3 7 B A
5 4 6 1 4 R
7 7 4 1 A A
1 2 2 3 3 B
2 1 7 3 7 R R
5 9 4 6 6 K Y
4 0 5 0 7 R R
4 4 3 5 8 B B
2 2 1 4 3 B
5 5 8 0 0 A A
1 4 9 0 0 D
2 2 0 4 4 R
9 1 6 5 5 D
5 8 2 9 9 D B
5 1 6 0 5 B B
7 6 6 2 2 D
5 6 1 2 2 M
7 7 4 8 7 K
2 2 9 6 6 D D
7 6 5 5 1 L R
5 7 7 7 3 D A
4 1 9 4 4 A A
8 1 6 2 5 R R
5 6 6 1 3 A A
1 4 3 5 0 L B
5 1 0 1 0 H B
4 4 4 1 1
4 4 1 6 0 S
4 4 1 6 0 S
4 7 5 5 6 S S
6 6 9 5 0 D A
2 8 2 1 8 R
8 7 7 9 3 A
5 6 3 0 8 A A
3 7 5 6 9 M
7 1 1 5 3 Y
5 5 0 4 2 2 R
7 6 5 8 8 B
6 6 3 7 7 R
9 6 7 4 6 D Y
2 6 8 9 9 B
8 7 6 9 5 A A
2 7 3 7 R R
2 2 2 1 5 D Y
8 7 4 9 6 D M
5 5 5 6 6 B Y
6 5 1 5 8 B
3 5 3 8 2 S
4 3 0 6 Y A
5 6 8 9 9 9 Y
5 5 2 2 1 Y
4 4 2 8 8 A
4 9 4 9 9 R
9 4 3 5 8 8 R
5 6 3 8 7 B B
3 0 4 1 7 D
4 4 0 1 3 H S
6 6 6 3 0 D
7 8 3 5 8 8
1 1 3 4 7 L
2 4 5 5 7 D
2 0 7 2 8 S
4 7 5 5 R R
3 3 7 5 6 R R
8 5 5 3 8 B S
8 1 1 7 7 R D
5 7 6 8 8 H H
7 8 2 7 7 D H
4 2 9 4 1 A A
5 8 8 7 0 A D
5 1 1 7 2 H B
8 3 3 4 0 H H
5 8 4 3 8 A A
5 8 5 0 R