2 2
9 0 2 2 2 L 2 L L L 2 A L L T L L 0
1 4 4 4 0 0 0 3 0 0 L 0 0 D 0 0 2 0
4 0
1 0 0 0 9 0 9 9 B 9 9 9 0 0 B B 0 0
5 5 5 1 1 3 1 1 1 5 1 3 3 1 3 5 1 5 3
2 6 6 0 0 0 6 0 6 6 1 0 0 1 0 6 1 6 0
5 7 7 7 6 6 6 5 6 6 9 6 6 8 6 6 2 6 6 4
1 9 5 5 5 4 5 5 1 5 5 8 5 5 2 5 5 6
3 5 7 5 5 5 6 5 5 2 5 5 0 5 5 3 5 5 7
4 5 1 8 8 8 H 8 H H H 8 8 0 8 H 0 8 8
2 5 5 5 8 5 0 0 A 0 0 0 5 0 A
2 6 7 7 7 9 7 7 2 7 7 1 7 7 8 7 7 6
9 5 5 5 1 1 1 7 1 1 3 1 1 2 1 1 5 1 7 7
9 2 2 2 0 2 0 0 0 2 2 B 2 0 B 2 B
1 5 1 1 1 5 5 5 1 5 1 1 1 5 1 1 1 1
8 1 4 3 3 D 3 D D 3 B D D D L D D
7 7 5 5 5 8 5 5 6 5 5 3 5 5 4 5 5 9
5 3 3 2 2 2 4 2 4 4 4 2 6 2 2 6 4 2 2
3 0 5 7 7 7 5 7 9 7 7 D 7 7 0 7 7 9
2 2 7 7 7 5 7 5 5 7 7 2 7 7 S 7 5 2
2 5 5 2 2 2 8 B 8 8 8 B B B 5 B B
7 7 0 D D 0 D 0 0 0 D L D D D L 0 D
1 1 1 6 6 6 B 6 B B 6 6 5 6 6 H 6 6 8
2 2 2
4 4 4 6 4 6 6 4 4 4 0 4 6 0 4 4 2 4
5 5 1 1 1 9 9 9 S S
4 2 4 4 4 8 4 4 6 4 4 5 4 4 1 4 4 2
6 3 5 1 1 1 7 1 1 L 1 1 D 1 L L L
3 4 2 2 7 7 7 4 7 7 9 7 7 6 7 7 1 7 7 2
2 5 5 5 2 2 2 R 2 2 0 2 2 6 2 2 1 2 2 9
6 2 1 2 2 2 7 2 2 3 2 2 B 2 2 6 2 2 1
9 9 8 0 0 0 5 0 B B
1 5 7 5 5 5 3 3 5 5 6 5 5 9 5 5 2 5 5
6 6 0 6 6 6 5 5 6 5 6 6 2 6 6 0 5 6 2
4 5 2 2 2 7 2 2 6 2 2 3 2 2 1 2 2 5
7 5 1 5 5 5 7 5 5 3 5 5 9 5 5 4 5 5 2
1 7 4 3 3 3 1 3 1 1 1 3 3 0 3 1 0 3 3
7 1 8 8 5 5 5 0 5 5 D 5 5 3 5 5 7 5 5 6
7 7 5 2 2 2 7 2 7 7 2 2 4 2 2 3 2 2 6
9 2 2 8 8 H 8 H H H
6 5 S S S
4 0 2 2 2 6 6 2 2 1 2 2 3 2 2 9 2 2
6 5 0 0 0 1 1 1 Y 1 1 4 1 4 4 4 1 1
2 8 1 1 1 5 1 1 2 1 1 3 1 1 0 1 1 6
9 4 1 1 4 4 4 5 4 4 9 4 4 0 4 4 2 4 4 6
2 5 7 7 7 Y R 7 7 7 7 Y 7 7 7 7 7 7
7 5 5 5 7 5 5 L 5 L L L 5 7 L L 7 5
5 5 5 5 3 5 5 1 5 1 1 1 7 1 1 T T
5 0 2 2 3 3 3 4 3 3 6 3 3 5 3 3 7 3 3 2
4 2 0 6 6 1 6 1 1 1 6 6 6 2 6 1 2 6 6
7 5 5 0 0 0 9 0 0 1 0 0 2 0 0 3 0 0 5
6 4 0 L L 4 L L L D L L
1 2 5 5 5 3 5 3 Y Y
7 7 3 3 3 0 3 3 2 3 3 5 3 3 6 3 3 D
1 6 6 0 0 0 5 0 0 3 0 5 5 0 5 3 0 0 1
5 6 3 0 0 0 9 0 9 9 0 0 3 0 9 3 0 3 9
1 5 2 2 2 B 2 B B B
6 5 2 6 6 2 2 6 2 6 0 6 6 6 5 6 6 7 6
9 7 7 7 0 0 0 8 0 8 8 0 0 7 8 8 7 7
7 7 9 9 9 0 9 9 1 9 0 0 0 9 1 0 9 0 1
6 3 8 4 4 4 8 8 4 8 4 3 4 8 3 4 4 3 8
5 4 5 5 6 4 6 6 6 5 6 6 M 6 6 S 6 6
5 6 0 0 0 2 2 2 3 2 2 L 2 2 S 2 2
7 8 8 0 5 5 5 6 5 5 8 5 5 1 5 5 3 5 5 2
2 2
3 5 5 5 S 5 5 1 5 5 2 5 5 3 5 5 6 5 5
1 5 6 5 5 5 3 5 3 3 5 5 4 5 5 2 5 5 6
1 5 5 5 4 5 5 1 5 5 9 5 5 0 5 5 3 5
2 1 1 1 8 8 6 8 8 8 3 8 8 5 8 8 9 8 6 6
3 8 9 8 8 8 9 9 8 9 7 9 9 9 0 9 9 7
7 5 1 1 1 4 1 1 2 1 1 6 1 1 3 1 1 5
2 2 2 2 A 2 A A 2 2 7 A 2 7 2 2 1 2 2
2 6 1 1 1 0 1 1 8 1 1 3 1 1 2 1 0 0
2 2 1 1 1 0 1 1 8 1 1 2 1 0 0 1 0 8
6 6 6 6 6 6 5 5 0 5 5 5 D 5 5 L 5 5
2 2 2 2 T T T
4 1 1 0 0 0 4 0 0 7 0 0 9 0 0 2 0 0 1
1 3 8 2 2 4 2 2 2 6 2 2 7 2 2 5 2 2 3
9 8 8 6 6 6 3 6 6 5 6 5 5 5 6 3 5 6 6
8 1 5 5 5 1 5 1 1 1 5 6 5 5 0 5 5 6
4 4 1 1 1 T 1 T T 1 2 T T T L T T
1 8 8 7 7 7 9 7 7 D 7 7 5 7 D D D
7 8 7 7 7 0 7 0 0 7 7 4 7 0 4 0 7 4
1 8 1 1 1 H H H W H 1
1 6 5 5 5 1 5 1 1 5 5 6 5 1 6 1 1 7
6 0 3 3 4 B 4 B B B
8 6 5 5 5 2 5 5 6 5 R 5 5 R R R 5 R
7 7 5 2 2 2 3 2 2 7 2 2 5 2 3 3 2 3 5
5 7 2 6 L L L
6 5 5 6 5 6 6 6 5 3 6 6 3 6 5 5 3 5 6
4 5 6 6 6 5 6 5 5 5 6 S S 6 6 B 6 6
1 8 1 1 1 8 3 3 3 0 3 0 0 3 3 9 3 3
3 2 2 2 3 3 6 3 3 3 5 3 3 8 3 3 2 3 6 6
8 6 0 0 0 5 0 0 1 0 0 8 0 0 3 0 0 6
1 2 8 8 1 1 1 9 1 1 D 1 1 A 2 A A
2 8 5 5 5 6 5 5 3 5 5 9 5 5 0 5 5 2
5 7 0 0 0 L L 0 L 0 0 D L L L D L
1 2 2 2 3 2 3 3 2 2 7 2 2 1 2 2 4 2 2
9 2 7 7 7 1 7 7 2 7 2 2 7 5 7 7 5 2
6 2 1 0 0 0 9 0 0 2 0 9 9 0 9 2 0 0 4
1 4 4 9 9 0 9 9 9 1 0 9 0 0 9 1 9 9 2
4 3 3 1 1 1 T 1 1 5 1 1 6 1 1 7 1 1 2
6 6 1 D D 0 0 D D D 4 D 0 D 0 4 D D
7 1 7 1 1 1 2 1 1 6 1 1 4 1 1 5 1 1 7
7 7 5 0 0 0 D 0 0 1 0 0 3 0 0 2 0 0 5
6 5 2 2 2 0 2 2 7 2 2 3 2 2 1 2 2 5
5 6 6 5 5 5 D 5 5 6 5 D 6 5 4 5 5 2 5
4 4 0 7 7 7 5 7 7 6 7 7 2 7 7 1 7 7 3
7 8 1 1 1 0 1 1 3 1 1 2 1 1 R 1 1 5
5 1 0 0 0 7 0 7 7 0 0 1 0 7 1 0 1 7 0
4 7 4 0 0 0 9 0 0 3 0 0 2 0 0 1 0 0 A
3 9 0 3 3 3 5 3 5 5 5 S 9 3 3 S 3 3
7 0 L L L
8 1 2 0 0 0 9 0 0 1 0 0 6 0 9 9 9 0 9
6 6 2 2 2 5 2 2 7 2 2 3 2 2 4 2 2 D
7 7 0 0 0 M 0 0 2 0 0 5 0 0 W 0 0 H
5 7 7 5 5 5 2 5 5 6 5 5 4 5 2 2 2 5 2
1 6 4 4 4 B R B B 1 1 4 1 1 1 1 1 1
4 0 5 6 6 6 3 6 3 3 3 6 6 5 3 6 5 6 3
5 4 6 6 6 5 6 6 B 6 6 4 6 B 4 B B
7 7 2 5 5 5 7 5 5 6 5 5 3 5 5 1 5 5 2
2 7
4 4 4 4 8 8 8
2 0 2 2 3 3 3 D 3 D D D S D D
6 2 2 2 3 3 3 2 3 5 3 3 5 5 3 5 2 3
2 2 2 0 5 5 5 6 5 5 3 5 5 1 5 5 2 5 5 7
2 2 3 6 6 6 7 6 6 2 6 7 7 7 6 7 2 6 6
4 0 8 4 4 4 5 4 4 A 4 4 2 4 4 6 4 4 9
1 7 0 0 0 7 0 7 7 0 7 0 0 7 7 0 7 7
1 7 0 0 0 7 0 7 7 0 7 0 0 7 7 0 7 7
7 6 1 1 1 2 1 1 4 1 1 0 1 1 3 1 1 5
7 1 5 7 7 7 Y 7 7 S 7 7 1 7 7 9 7 7 5
3 1 6 6 6 5 6 6 2 6 6 0 6 6 9 6 6 4
6 1 9 8 8 8
2 9 2 2 2 7 2 7 7 7 2 2 3 2 7 3 2 2
5 6 3 3 3 2 3 2 2 A
6 6 1 6 6 6 3 3 6 3 6 6 7 6 6 2 6 6 5
5 5 1 1 5 5 5 8 5 8 8 5 5 3 5 8 3 8 5 3
4 2 1 0 0 0 L 0 0 6 0 0 T 0 0 2 0 0 1
8 7 6 6 6 1 1 1 W M W W
4 1 9 2 2 2 1 2 2 6 2 2 T 2 2 L 2 2 M
3 5 8 0 0 0 7 0 0 1 0 0 2 0 0 5 0 0 3
1 5 6 6 6 4 6 6 8 6 6 5 6 4 4 6 5 4
6 0 7 7 7 9 7 7 2 7 7 0 7 9 9 9 7 9
6 0 0 8 8 2 8 2 2 8 8 8 3 8 8 6 8 8 0
5 5 4 6 3 6 6 6 3 3 6 3 5 6 6 0 6 6 5
5 4 6 5 5 5 L 5 L L 4 L L L M L L A
3 8 8 8 1 1 1 9 1 1 2 1 1 0 1 1 8 1 9 9
3 8 8 8 3 8 3 3 3 8 3 8 7 3 3 7 3 8
6 7 2 2 2 B S B B B
2 2 4 4 4 2 4 5 4 4 5 2 4 2 2 4 B 2
5 5 5 5 6 5 5 L 5 5 1 5 L A L L L
9 8 3 3 3 0 3 0 0 0 3 3 5 3 0 5 3 3
5 2 2 2 8 8 8 3 8 8 6 8 8 5 8 8 B 8 8 4
5 7 2 2 2 7 2 7 7 2 5 2 2 D 2 2 0 2
1 1 5 5 D 5 5 5 9 5 5 2 5 5 0 5 5 7 5
4 2 2 2 7 2 2 2 2 2 3 2 2 6 2 2 8 2
6 4 7 7 7 B 7 B B B 4 B B
5 5 2 2 1 1 2 D D D S
5 0 0 0 9 0 9 1 1 1 9 1 9 9 1 2 1 1
3 2 2 2 8 8 8 W
4 0 2 2 2 7 2 2 9 2 2 3 2 2 6 2 2 0
4 6 2 2 2 3 2 2 1 2 2 5 2 2 7 2 2 6
4 8 0 2 2 2 1 2 2 3 2 2 7 2 2 0 2 1 1
1 1 4 7 7 7 B 1 D D B D D D
1 3 0 0 0 9 9 9 7 9 9 Y 9 9 0 9 Y
4 0 4 4 4 B 4 4 6 4 4 5 4 4 2 4 4 1
3 8 8 3 3 3 6 3 3 D 6 6 6 3 6 6 D 6
6 5 0 7 7 D D D S D 5 D D R D D
5 1 3 3 3 5 5 B B B
3 9 9 5 5 5 3 5 3 3 5 5 2 5 5 Y 5 5 6
9 5 5 5 8 5 5 7 5 5 6 5 5 3 5 5 1 5 5
5 6 6 M 6 6 6 5 6 6 S 6 5 5 6 5 M 6
3 0 3 3 5 3 3 3 2 3 3 S 3 3 1 3 3 7
4 4 0 0 0 2 0 2 2 2 0 L 2 2 L 2 L
2 L
4 0 0 0 1 0 0 2 0 0 7 0 0 3 0 0 9 0
3 1 1 1 2 2 2 1 2 1 1 0 2 2 7 2 2 0 2
5 4 4 4 2 B B B
7 1 1 1 7 7 7 9 7 7 2 7 7 0 7 7 D 7 7 6
1 7 7 7 0 0 0 9 0 0 D 0 D D D Y D
3 4 4 4 2 2 2 7 2 2 0 2 2 D 2 2 1 2 2 3
5 6 5 5 5 6 2 2 2 7 2 7 7 7 2 1 7 7
1 6 6 1 1 6 2 5 2 5 5 5 2 2 5 H 5 5
1 7 4 5 5 5 B 5 B B 7 5 B T B B B
5 7 9 9 2 9 2 2 3 2 2 2 5 2 2 S 2 2
2 9 0 2 2 2 5 2 2 9 2 2 D 2 2 0 2 9 9
1 0 5 5 5 L 5 L L B 0 L L L T L L
1 3 1 1 1 3 5 5 R 5 5 5 S 5 5 M 5 5
1 2 2 2 1 2 2 7 2 2 R 2 R R R K R R
2 0 0 0 3 3 3 2 2 3 3 0 3 2 3 2 2 3
2 1 5 5 5 3 3 5 3 5 5 1 3 5 1 5 3 1 5
1 1 8 4 4 4 B 4 4 6 4 4 8 4 B S S
7 1 1 2 1 1 3 1 1 1 0 1 1 8 1 1 4 1
9 5 1 1 1 4 1 4 4 1 1 M 1 4 M 4 1 M Y
4 7 7 8 8 8 Y
6 2 2 7 7 7 8 7 7 4 7 7 5 7 7 6 7 7 2
3 5 5 1 1 5 3 3 3 S 3 3 2 3 3 1 3 3
8 9 7 0 0 0 1 0 0 6 0 0 5 0 0 3 0 0 2
5 1 1 1 2 2 7 2 2 2 1 2 7 7 2 7 1 2 1 7
7 0 T T T
2 2 W T T
4 0 6 6 3 3 3 5 3 3 0 3 3 1 3 3 2 3 3 6
5 7 3 3 3 Y Y 3 Y 3 3 5 3 Y 5 Y 3 5
5 5 8 8 3 3 3 4 3 3 D 3 3 5 3 3 0 3 3 2
2 2 0 1 1 1 2 1 1 3 1 1 4 1 1 5 1 1 0
8 8 1 2 2 2 1 2 1 1 2 4 2 1 4 2 2 4 1
1 2 5 5 5 7 5 5 D 5 5 2 5 7 7 7 5 7
4 7 7 1 2 2 2 7 2 2 0 2 2 6 2 2 3 2 2 1
8 3 2 5 5 5 M 5 5 2 5 M M 5 M W M 3
4 1 0 0 5 5 5 6 5 6 6 5 5 4 5 5 3 5 5 2
7 8 8 4 4 4 7 4 4 2 4 4 L 4 4 6 4 4 5
2 3 0 0 0 5 0 5 5 5 K K 5 K L K K
6 6 5 5 5 2 5 5 L 5 L L L 5 2 L L 6
1 3 7 7 7 B 7 B B 7 7 5 B B B 5 B
5 5 2 6 2 6 6 6 2 2 6 L 6 6 5 6 6 M
2 1 4 2 2 2 1 2 1 1 1 2 2 7 2 2 3 2 2
1 5 2 L L 5 2 2 2 L 2 2 1 2 2 7 2 2
7 1 5 5 5 8 5 8 8 5 5 3 5 8 3 5 5 0
7 5 T T T K S S S T S S
7 9 5 5 5 7 5 5 9 5 7 5 5 7 7 5 7 9
3 8 5 5 5 8 5 8 5 5 5 B 5 5 8 8 8 5
7 5 5 7 7 7 4 4 4 7 7 2 7 4 7 4 2 7 7
3 7 0 0 0 5 0 0 1 0 0 9 0 0 6 0 0 2
7 3 3 3 7 3 7 7 7 2 7 7 5 7 7 T 7 7
2 2 1 2 1 1 1 2 2 1 3 1 1 9 1 1 0 1
9 7 0 0 9 7 9 9 S 9 9 9 5 9 9 B 9 9
2 9 0 T T T
1 1 1 6 6 6 5 6 6 2 6 6 M 6 6 W 6
4 1 8 8 8 T H H H 8 H 8 8 H H T H
1 8 6 3 3 3 5 3 3 1 3 3 6 3 6 5 3 5 5
4 2 0 0 0 1 1 0 1 0 7 1 0 0 7 0 1 7
7 3 5 5 6 5 5 5 M 5 5 4 5 5 A 5 5 2 5
2 2
2 1
1 9 7 7 7 0 7 7 3 7 0 0 0 3 0 0 1 0
5 9 0 0 0 5 0 0 5 0 0 9 0 5 5 0 9 5
1 5 9 0 8 B B B D B
7 6 4 4 4 2 4 4 5 4 4 6 4 5 5 4 5 2
7 2 T T 2 T 1 T T T L T T B T T 6 T
8 5 3 3 9 5 9 9 9 2 9 2 2 9 9 L 9 9
4 0 0 7 7 7 6 7 7 2 7 7 1 7 7 5 7 7 9
8 0 9 0 0 2 0 0 0 7 0 0 1 0 0 5 0 0 3
7 1 0 3 3 3 2 3 3 5 3 3 6 3 3 7 3 3 4
3 0 5 5 5 3 L L 5 L L L B L L T L
4 3 9 9 9 3 6 6 6 L 6 L L 6 6 B 6 6
7 1 0 0 0 5 0 0 8 0 0 6 0 0 2 0 0 1
5 1 1 7 7 7 3 7 7 2 7 2 3 7 2 2 7 3 2
4 3 0 0 0 1 0 0 5 0 0 3 0 3 1 0 1 1
1 9 1 1 1 B 1 B B 1 1 6 1 1 5 1 1 8
8 4 2 2 3 3 3 7 3 3 6 3 3 5 3 3 1 3 3 2
1 8 6 7 7 7 2 7 7 3 7 7 1 7 7 6 7 2 2
2 5 5 5 9 5 T T T 4 T T 9 T T 5 T
5 3 3 3 6 3 3 K 3 3 B 3 3 Y 3 3 2 3
5 8 2 0 0 0 1 0 0 2 0 1 2 0 2 2 0 9 0
1 1 1 1 1 0 1 0 0 0 1 1 D 0 0 D 0 1
3 8 5 5 5 3 5 5 0 5 5 2 5 5 6 5 5 8
1 7 7 9 9 A
7 8 6 7 7 7 2 7 7 8 7 7 6 7 2 6 7 6 6
6 6
4 2 2 2 8 8 8 W
4 1 1 4 4 4 9 4 4 2 4 4 0 4 4 3 4 4 1
1 5 6 5 6 6 6 5 5 5 6 1 6 5 1 6 6 1
9 0 0 9 9 0 1 1 B 1 1 1 7 1 1 9 1 1
5 0 1 1 0 0 0 L 0 L L 0 0 1 L L L 1 L
9 4 4 0 1 0 0 0 1 1 0 1 2 0 0 3 0 0 2
7 6 3 3 3
5 6 2 2 8 8 8 D 8 8 3 D D 8 D D D
7 5 5 0 0 0 1 0 0 2 0 0 3 0 0 L 0 1 1
9 8 8 6 6 6 5 6 5 5 6 6 9 6 6 2 6 6 7
9 0 T T T
6 5 5 5 8 5 5 1 5 5 5 5 5 1 5 5 6 5
3 3 6 6 3 3 3 6 3 6 D 3 3 5 3 3 D 6 3
5 6 3 8 8 5 3 3 Y 3 3 1 3 3 3 2 3 3
6 2 2 6 2 2 2 8 2 2 2 2 2 1 2 2 9 2
1 2 2 2 6 2 6 6 2 2 B 2 2 8 2 2 Y B
7 8 3 3 3 2 3 2 2 3 3 7 3 3 1 3 2 7
7 4 2 2 2 7 2 2 6 2 2 3 2 2 1 2 2 9
8 4 9 9 9 4 9 0 9 9 W 9 9 H 9 9 5 9
6 1 0 3 3 3 2 3 3 5 3 3 6 3 3 1 3 3 7
7 5 3 3 3 7 3 3 2 3 3 5 3 2 2 3 7 2
9 8 4 0 0 0 D 0 0 9 0 D D 0 D 9 D
4 9 9 0 0 0 9 0 1 0 0 7 0 0 A W W
5 7 3 3 3 5 3 8 3 8 8 8 6 8 8 B 8 8
7 2 6 6 6 9 6 6 0 6 9 9 6 9 0 6 0 9
4 8 6 4 4 4 6 4 6 6 6 4 2 4 6 2 4 4
5 4 1 1 3 4 5 5 S 5 5 3 S S S 5 S S
5 5 5 6 6 6 5 6 5 T 6 6 T 6 5 5 5 T
6 2 1 1 1 0 1 0 0 1 1 5 0 1 5 1 0 5
1 1 A A
5 8 8 6 6 6 4 6 6 8 6 4 4 6 4 8 6 8 4 6
9 1 6 2 2 2 0 2 2 7 2 2 3 2 2 1 2 2 6
6 1 6 6 6 5 6 5 5 3 3 5 3 D D D S
2 2 7 6 6 6 0 6 0 0 6 6 3 0 6 3 6 0 3
1 5 5 5 3 5 3 3 3 5 1 3 3 1 5 3 1 3
7 6 6 2 2 2 1 2 2 3 2 2 7 2 2 8 2 2 6
2 2 6 6 6 5 6 6 0 6 6 9 6 6 7 6 6 1
1 1 4 1 1 1 R B B 1 B 1 1 A 1 B B B
4 8 8 8 W
3 8 8 B B B
2 6 6 6 9 5 9 9 9 D 9 D D 9 9 6 D
5 5 5 5 0 0 6 0 0 0 1 0 0 D 0 0 5 0 6 6
6 0 0 0 4 0 4 4 0 0 6 0 0 2 0 0 5 0 0
3 5 5 5 6 6 6 B
2 5 5 1 1 1 2 1 1 3 1 1 0 1 1 9 1 1 5
7 8 7 7 7 3 7 7 2 7 7 1 7 7 9 7 7 5
3 1 7 7 4 4 4 D 4 4 6 4 4 2 4 4 5 4 4 0
4 3 1 1 1 5 1 1 0 1 1 2 1 1 6 1 1 7
1 5 5 5 S 5 S
6 6 5 0 0 0 1 1 0 1 0 0 3 1 0 3 0 1 3
4 1 2 2 4 2 2 2 7 2 4 4 2 4 7 2 2 5
5 4 3 3 3 6 0 6 6 6 3 6 6 Y Y Y
4 9 5 5 5 6 5 5 2 5 5 0 5 5 3 5 5 7
3 2 8 8 8 2 8 B B 8 B 8 8 S 8 8 B
1 8 3 3 3 1 3 3 1 3 1 1 3 3 3 3 1 1
1 8 0 4 4 A A
2 3 5 5 5 1 5 5 0 5 1 1 1 5 1 0 1 1
6 6 H 6 H H R H H H 6
2 2 2 2 2 T 2 2 S 2 2
3 7 7 8 8 8
5 8 2 2 3 3 3 S 3 S S S
5 7 7 7 6 6 6 2 6 6 5 6 6 3 6 6 4 6 6 9
1 8 3 8 8 1 8 8 4 8 8 8 2 8 8 6 8 8 3
7 5 4 4 4 7 4 7 7 4 4 9 4 7 9 4 4 8
4 3 3 6 6 6 5 6 5 5 6 6 9 6 5 9 6 6
2 1 1 0 0 0 2 0 2 2 0 0 6 0 0 5 0 0 1
9 6 9 9 9 6 9 9 0 9 9 9 5 9 9 1 9 9
5 4 5 5 5 1 5 5 3 5 5 2 5 5 B 5 5 L
1 5 5 2 5 5 5 9 5 9 9 5 5 7 5 9 7 5
7 1 0 0 5 5 5 3 5 5 2 5 5 8 5 5 6 5 5 7
1 5 3 3 3 7 3 3 1 3 3 0 3 3 6 3 3 D
2 5 0 2 2 2 8 2 2 3 8 2 3 2 8 8 8 2 8
4 2 2
7 1 3 3 3 2 3 2 2 3 3 7 3 2 7 3 3 6 3
7 4 4 9 9 9 B
1 8 0 0 0 9 0 0 1 0 0 5 0 0 3 0 0 6
8 5 9 9 9
9 6 5 5 5 7 5 5 Y 5 Y Y Y
8 8 7 8 8 8
5 0 4 4 4 8 8 B B 8 B 4 B B R B B B
1 0 5 0 0 0 3 3 3 0 3 0 0 1 0 3 1 0 0
1 5 7 7 7 8 7 7 2 7 7 B 8 8 8 Y Y
5 4 2 5 5 T 5 T T T 4 L L T L T T
1 5 5 7 7 7 6 7 7 9 7 7 2 7 7 1 7 7 8
6 2 2 8 6 8 8 8 6 6 8 6 3 8 8 R 8 8 3
6 6 6 6 H 6 H H H 6 6 K H H R H H
5 0 9 2 2 L L L 9 9 9 9 9 9 9 9 9 9
9 0 0 0 3 0 0 1 0 0 5 3 0 3 3 0 5 0
8 8 3 3 3 B D D D 1 D 1 1 D D B D
8 5 6 3 3 3 2 3 3 1 3 3 5 3 3 7 3 3 6
5 2 5 4 4 4 3 4 3 3 4 4 6 3 4 6 4 3 6
4 7 3 3 3 1 3 3 2 3 3 0 3 3 5 3 3 7
1 5 5 5 6 5 5 Y 5 6 6 6 5 6 Y 5 Y Y
1 4 4 0 0 0 9 0 9 9 0 0 2 0 0 1 0 0 7
3 3 2 2 2 B 2 B B B S
7 5 9 9 9
5 5 2 B B B
7 7 5 0 0 0 4 0 0 6 0 0 5 0 4 4 4 0 4
4 4
5 5 2 2 5 5 5 4 5 5 6 5 5 2 5 4 4 4 5 4
7 6 6 6 4 6 6 B 6 4 4 6 4 5 4 4 B
1 3 L L L
8 7 9 5 5 5 1 5 5 3 5 5 6 5 5 2 5 5 9
2 0 4 4 4 6 4 4 5 4 4 7 4 4 8 4 4 0
6 6 7 2 2 2 1 2 1 1 2 2 7 1 2 7 2 1 7
7 5 4 4 0 0 0 6 6 0 6 0 0 1 0 6 1 0 0 5
2 M
1 1 0 7 7 7 9 7 7 2 7 7 8 7 7 6 7 7 1
4 5 6 6 6 8 6 6 2 6 6 3 6 6 0 6 6 5
4 4 2 2 2 5 2 2 7 2 2 3 2 2 6 2 2 1
8 0 2 0 2 2 2 0 0 2 6 2 2 1 2 2 6 0
3 6 6 4 4 4 5 4 4 B 4 4 6 4 5 5 5 4 5
1 5 1 1 1 5 1 1 1 2 1 1 7 1 1 3 1 1
4 5 2 2 2 5 2 5 5 2 7 2 2 6 2 2 B
8 5 0 0 0 7 7 7 4 7 7 2 7 7 H H H
4 8 4 4 4 6 4 4 5 6 4 6 6 4 5 4 4 2
7 1 0 1 1 1 5 1 5 5 1 1 0 5 5 5 3 1 1
6 8 R R R
1 9 1 1 1 9 5 5 5 3 5 5 4 5 5 T 5 5
1 1 4 3 3 3 1 3 3 2 3 3 5 3 3 6 3 3 9
6 1 7 7 7 H 7 H H H
5 2 2 2 5 5 5 6 5 5 3 5 5 4 5 5 1 5 5 2
7 7 1 2 2 2 1 2 1 1 1 2 3 2 1 3 2 2 3
8 0 4 7 7 4 4 7 4 7 5 7 7 7 8 7 7 5
7 5 7 7 5 5 5 9 5 5 3 5 5 0 5 5 6 5 5 2
5 1 4 4 4 1 2 2 2 7 2 7 7 7 2 2 T 1
7 6 2 2 2 5 2 5 5 2 2 7 2 2 3 2 2 6
5 2 9 9 9 2 Y A
9 2 1 1 1 7 1 1 3 1 1 5 1 1 2 1 7 7
1 9 1 2 2 2 8 2 2 7 2 2 1 2 8 8 2 1 8
7 2 3 2 2 2 R 2 2 3 3 2 R 3 2 3 6 2 2
2 8 3 3 0 3 3 3 9 3 0 0 3 0 9 3 3 5
2 8 5 5 5 1 5 1 1 1 5 5 2 5 1 2 5 5
7 9 5 3 3 4 3 3 3 6 3 3 5 3 4 4 3 5 4
7 6 0 0 0 1 0 1 1 1 B 1 1 D 1 B B
7 0 0 0 9 0 0 7 0 0 M 0 0 1 0 0 W 0
5 8 8 4 3 3 3 A
6 5 2 8 8 2 8 6 8 8 8 7 8 8 3 8 8 4 8
8 5 0 0 0 7 0 0 1 0 0 2 0 0 9 0 0 5
2 1 1 1 6 1 6 6 6 1 1 B 1 1 5 1 6 B
1 0 1 1 1 0 1 0 0 1 2 1 1 4 1 1 5 1 1
6 3 8 8 8 3 D D D 7 D 7 7 D D 9 D
4 9 T
4 2 1 1 1 4 1 1 M 1 1 H 1 4 4 1 4 H 1
6 5 7 7 7 2 7 7 0 7 7 5 7 0 0 0 7 0
6 7 9 9 2 2 2 1 2 2 L 2 1 L 2 L L
7 8 8 8 7 2 2 2 7 2 7 7 2 6 2 2 6 7 7 7
6 2 5 5 5 6 5 5 3 5 5 L 5 5 4 5 5 2
4 4 4 7 7 7 9 7 7 2 7 7 6 7 7 5 7 7 0
1 5 9 9 2 2 7 2 2 2 L 2 7 7 2 7 L 2
4 7 1 7 1 1 1 7 7 7 1 3 1 1 0 1 1 3
5 5 0 1 1 1 4 1 4 4 1 1 D 1 1 9 1 1 0
6 6 6
1 1 M M
7 5 7 5 5 5 9 5 5 2 5 5 0 5 5 6 5 5 7
9 0 6 6 6 2 6 2 2 6 6 5 6 2 5 2 2 2
5 2 D D D 3 D D R D D T D D S D D
1 0 1 2 2 2 1 2 4 2 1 1 2 1 4 2 2 4 1
5 7 3 3 3 5 3 3 B B B
3 3 3 3 5 3 3 7 3 3 6 3 7 7 3 7 5 3
2 6 7 7 7 2 7 7 9 7 2 2 2 7 2 9 7 7
4 7 7 7 8 8 8 Y
7 8 5 5 5 0 5 5 7 5 5 D 5 0 0 0 5 0
3 3 3 3 5 3 3 2 3 3 6 3 3 7 3 3 L B
3 5 5 7 7 7 4 7 7 3 7 7 2 7 7 6 7 4 4
5 5 5 7 7 7 0 7 7 1 7 7 6 7 7 5 7 0 0
5 6 1 4 4 4 B 6 B
7 7 A A A
1 4 5 5 5 6 5 5 2 5 5 3 5 5 1 5 5 L 5
1 1 1 1 1 3 1 3 3 3 1 5 3 3 5 3 1 1
5 4 4 6 6 0
4 0 5 5 5 0 5 0 0 5 7 5 0 7 5 5 7 0
4 4 5 5 5 6 5 5 3 5 5 8 5 5 B B T
7 2 4 4 4 1 4 1 1 4 4 5 1 4 5 4 1 5
4 5 8 0 0 0 3 0 0 1 0 0 5 0 0 2 0 0 8
1 4 9 0 0 0 1 0 0 D 0 1 1 0 D D D 4
2 2 2 2 0 0 0 1 0 0 4 0 0 3 0 0 2 0 4 4
1 9 1 6 6 6 5 6 6 2 6 6 7 6 6 4 6 6 0
5 8 2 2 2 9 B
5 6 6 6 0 0 0 B 0 0 3 0 0 5 0 B B B
7 7 6 0 0 0 2 0 0 1 0 0 3 0 0 6 0 2 2
1 5 6 2 2 2 1 2 1 1 2 2 7 1 2 7 2 2 3
4 2 2 B B
1 2 2 6 6 6 5 6 6 9 6 6 0 6 6 8 6 6 1
1 6 5 5 5 6 5 7 5 5 5 5 5 1 5 5 L 5
5 7 7 7 3 3 D
5 1 4 4 4 2 4 4 7 7 7 T 7 T T 7 7
8 6 2 2 2 5 2 5 5 5 2 2 6 5 5 0 5 5
1 6 6 6 5 6 5 5 5 6 6 5 6 5 5 5 5 5
1 1 4 3 3 3 0 3 3 1 3 3 2 3 3 5 3 3 7
5 0 0 0 H 0 H H H 1 H H T H 1 1 H
1 4 1 1 1 2 1 1 5 1 1 L 1 1 1 1 1 T
4 4 1 6 6 6
4 4 1 5 5 5 6 5 5 1 5 6 6 6 5 1 6 5 6
7 1 5 5 5 6 5 5 3 5 5 2 5 5 1 5 6 6
6 9 9 9 6 9 5 5 1 5 5 5 6 5 5 0 5 5
2 8 8 2 1 1 1 8 1 1 0 1 1 9 1 1 3 1 1 2
1 5 1 1 1 7 1 1 5 1 7 7 7 1 7 1 1 1
5 6 3 0 0 0 8 0 0 1 0 0 6 0 0 2 0 0 3
3 1 5 6 6 6 9 M M M W M
7 1 1 1 1 1 1 5 1 1 2 1 1 4 1 1 3 1
5 3 4 4 4 2 4 4 0 4 4 6 4 2 2 2 4 2
1 6 5 5 5 6 5 B 5 5 B 8 B B
6 3 0 7 7 7 5 7 7 R R R
7 6 6 7 4 4 4 6 4 4 2 4 4 5 4 4 8 4 4 1
7 6 8 8 8 6 9 B 9 9 9 B B 9 0 B B
1 7 6 6 9 6 9 9 B 9 9 9 S B A A
2 2 R
2 2 2 2 1 2 2 7 2 2 3 2 2 6 2 2 5 2
1 7 7 7 8 7 9 4 9 4 4 4 9 9 4 6 4 4
4 6 L L L
6 1 5 5 5 1 5 1 1 1 5 2 5 5 3 5 5 2
3 5 8 8 8
4 1 0 6 6 6 Y 6 Y Y 6 6 0 6 Y 0 Y Y
5 0 0 9 9 9 Y
6 2 2 2 1 2 1 1 2 2 3 2 1 3 2 2 R 1
4 2 2 8 8 8 2 8 2 2 2 B 8 8 B L
4 4 4 9 4 4 4 5 4 4 6 4 4 2 4 4 0 4
9 4 4 4 5 5 5 3 3 5 3 5 5 2 5 5 6 5 5 7
3 6 8 8 8 B R B B B
1 0 0 1 7 1 1 1 7 7 7 1 0 1 1 0 7 1 7
4 4 5 0 0 0 1 0 1 1 0 0 7 0 0 5 1 1 1
6 6 3 6 6 6 D 0 0 0 D 0 D D 0 Y 0 0
7 8 5 3 3 3 5 3 5 5 3 2 3 3 6 3 3 2
4 5 9 9 9
7 4 4 5 5 5 7 5 5 1 5 5 6 5 5 3 5 5 2
7 1 2 2 2 7 2 2 8 2 2 3 2 2 1 2 7 7
7 5 T T T K S S S T S S
9 5 D D D T
8 5 3 3 3 8 3 8 8 8 1 8 8 H 8 B B
3 0 4 4 7 4 7 7 7 1 7 7 2 7 7 B 7 7
5 7 7 6 6 6 5 6 6 3 6 6 8 6 6 7 6 5 5
7 8 8 8 2 2 2 7 2 7 7 2 2 6 2 7 6 7 2 6
7 4 4 4 L A A
1 8 7 7 7 0 0 A 0 A A
6 1 0 7 7 7 2 2 7 2 7 7 4 7 2 4 7 7 6
1 5 3 3 3 5 3 5 5 5 3 3 3 3 8 3 3 3
5 5 8 4 4 4 3 4 3 3 4 4 B 4 3 B 4 4 5
3 5 H H H