2 5 2 T S
1 9 2 7 L
4 2 6 4 1 B
7 2 5 T
1 6 7 0 7 R S
5 5 5 3 3 B
2 6 6 6 0 B
5 7 7 5 9
5 5 4 5 T T
5 5 7 5 0
4 5 8 0 B H
2 2 5 5 B A
2 6 9 7 7 A A
5 5 3 7 T
8 0 2 0 B D
2 2 7 T
8 8 1 4 6 D
7 2 5 5 1 B
5 3 4 2 7 D
5 6 5 5 7 M H
2 0 5 7 M H
6 6 5 2 8 7
7 8 5 9 B
1 5 5 B
7 2 2 5 5 D
8 4 9 6 4 M
5 7 4 7 9 D
4 2 6 4 8 D
5 5 5 7 1 D D
1 4 2 4 7 M
2 5 5 2 R W
6 2 2 1 2 D
9 9 8 0 D D
7 5 7 5 5 D
5 6 6 8 0 Y B
4 5 2 5 1 T R
6 5 4 7 7 B M
7 4 1 3 D
2 8 5 1 B
7 5 5 7 7 B
5 3 2 2 8 T
5 4 4 B S
6 B
6 0 5 7 L Y
2 8 8 2 5 R
4 5 6 9 M
5 8 3 0 7 Y
7 7 5 7 L
1 5 5 8 7 Y
5 5 2 3 4 R R
2 2 6 6 W
7 5 0 9 2
6 4 2 2 0 T
4 5 5 5 S
7 7 5 3 B S
1 6 5 5 5 D
1 6 5 9 5 H H
5 5 5 8 2 B H
2 7 7 7 D H
5 7 8 0 D
7 9 1 B
5 3 8 4 7 D
6 L 4 5 0 M
5 5 5 0 2 T
7 8 0 8 8 H
7 7 7 5 5 B B
4 2 5 5 3 B
5 3 5 5 B L
7 5 9 5 B
2 5 8 6 6 Y
5 8 8 9 7 M
7 2 1 4 D R
8 7 9 1 A A
2 8 2 1 8 R
2 8 2 1 8 H
5 6 6 5 1 B
1 5 5 Y
4 2 1 9 4 4 A A
1 3 8 2 4 B B
9 8 5 5 6 D B
8 8 5 0 H
5 4 9 7 B
7 8 8 8 7 Y
7 8 0 4 7 D
5 8 8 7 3 H H
7 5 5 0 S
6 5 5 4 4 R S
8 1 6 2 5 B
2 5 2 5 T T
5 7 2 2 D
6 5 5 5 B
4 2 5 0 T
7 8 5 9 8 B
5 5 2 8 1 D
5 6 5 8 L A
5 2 8 1 B A
2 8 5 5 9 D
5 7 8 B
1 2 2 7 3 2
9 2 2 7 7 B
6 2 1 4 9 Y
1 4 9 1 D H
4 3 5 1 T
6 5 5 H
7 1 7 1 B
7 5 5 0 0 B T
8 5 5 2 0 B A
7 5 5 5 B
4 9 7 5 6 D D
7 5 1 1 0 R
5 1 0 5 7 Y
4 7 4 0 0 A A
5 9 9 0 5 M
2 5 4 5 B
1 2 2 9 6 B D
2 7 5 7 D Y
2 7 5 7 B H
5 7 5 7 T B
1 5 6 4 4 B
6 5 5 0 0 D
5 9 9 4 0 D
7 4 2 5 5
2 1 2 7 7 R
4 4 4 8 6 L
7 1 2 5 5 Y
6 2 2 5 5 D A
2 2 0 5 6 D
6 2 3 6 7 M
6 6 8 4 A
4 7 7 7 B
4 7 7 7 B
7 5 5 3 7 B B
1 1 5 7 R T
1 2 2 6 9 2 2
5 1 2 8 2
2 9 7 2 8 S
5 7 6 3 5 A
6 2 6 5 5 B H
5 1 8 5 4 T L
5 2 4 1 B B
8 0 7 6 6 W
1 5 5 S
5 5 8 5 7 L A
1 5 6 6 8 D B
6 0 5 7 9 B
6 1 2 8 2 B A
5 4 6 3 1 B D
5 7 4 6 5 A L
8 8 1 9 B
7 5 8 7 8 B R
6 7 4 2 S B
2 2 2 4 B
5 9 5 5 3 B
9 8 8 9 5 M
5 2 8 0 D
5 7 2 7 2 D
1 5 5 5 B
2 2 7 7 2 D
1 4 4 7 7 D B
5 5 5 2 1 D B
9 7 9 1 7 B H
5 2 8 2 7 H
4 0 2 7 9 H H
4 6 3 2 2 H
4 8 7 2 1 H
1 1 4 7 8 D Y
5 5 0 3 9 7
0 7 6 4 S
8 8 5 8 1 T
6 3 0 7 7 M
4 5 3 5 B B
3 9 5 5 2 T
9 5 5 5 8 T
5 5 3 6 0 M R
1 3 2 5 3 S S
7 4 9 0 2
1 2 7 5 B B
4 8 4 5 0 R
5 2 2 2 7 B S
5 3 4 4 4 B S
5 1 7 9 B
5 7 7 7 0 T
3 4 4 7 0 R R
5 8 8 7 7 B R
1 6 5 2 H
9 7 7 4 5 D
5 7 9 2 B
2 3 5 5 D
1 7 7 9 5 B
1 7 5 4 5 R
1 7 2 1 6 R
2 0 1 4 5 B
1 5 5 T D
1 1 8 4 8 D
9 1 4 8 8 R B
9 5 1 4 M Y
4 7 7 8 2 H
5 2 2 7 8 B T
1 1 5 5 5 L S
1 7 7 0 3 B
5 0 0 4 2 T
4 1 7 4 4 T T
2 6 4 5 2 B
4 5 6 5 5 H W
5 9 7 3 Y
5 8 5 4 4 B
2 3 0 4 2 B B
5 1 1 7 4 H B
5 2 5 7 T B
1 7 0 2 7 M
8 3 2 5 M M
1 1 5 5 6 6 B
7 1 5 7 4 A
2 2 5 0 T 2
6 5 4 5 S L
1 7 5 7 T
5 2 2 5 T
9 4 7 7 A
8 5 7 7 7 T T
7 3 5 8 0 M
1 5 5 T B R
7 9 5 8 M K
3 8 8 5 8 D A
7 5 7 4 R
5 7 9 5 5 A A
1 5 3 7 7 L
2 2 1 2 B B
9 7 0 9 D
5 5 8 Y Y
5 1 1 2 B
4 7 1 5 8 M
7 8 6 3 L B
4 2 1 0 7 L
7 3 5 5 B
4 5 5 B
6 5 T
8 9 9 7 0 D
5 9 0 0 4 B B
1 9 9 7 8 B L
2 6 4 5 2 2
1 1 5 2 T T
8 5 3 8 2 R R
4 9 7 6 1 L H
5 5 9 9 2 L
7 0 3 5 2 7
8 1 5 5 5 D T
5 5 5 B
7 1 0 0 B M
5 2 7 5 1 L
4 4 3 0 L B
1 9 7 8 H
8 4 2 2 7 B
6 8 8 7 7 M B
2 5 5 5 T
5 2 4 1 B Y
5 8 2 0 2 M
2 4 5 0 9 L S
3 8 0 5 8 A A
9 7 4 7 7 A A
2 8 7 7 0 L B
3 5 2 L
4 2 8 1 B H
6 4 5 5 B
5 5 1 5 7 D
7 2 0 9 B R
5 7 9 9 B
1 4 1 7 L M
7 6 7 3 9 M
7 6 2 5 B
7 5 5 0 0 L M
9 8 6 5 D
4 0 8 R
7 5 0 T
8 5 5 B
5 5 7 7 L Y
5 2 2 2 8 D B
1 2 2 2 1 B B
7 8 4 7 B Y
2 3 2 9 D D
8 4 4 3 5 H H
1 1 2 5 B R
7 8 8 8 7 7 D
9 8 4 0 7
4 9 0 9 A W
5 7 3 5 B W
8 9 6 9 B
4 5 4 4 B
5 4 4 1 5 S S
1 L 4 5 7 D
5 2 0 0 T
1 5 1 B T
5 8 6 8 4 R B
8 1 2 0 0 T B
6 7 2 6 B
2 7 6 1 T
1 5 5 1 B
7 6 2 7 B
2 2 1 6 9 R
1 1 8 3 4 H T
4 5 5 H W
5 9 8 7 B
2 5 6 6 5 T
5 5 5 0 5 T
0 0 0 5 4 M
5 5 5 6 1 K T
2 5 5 1 0 7 R
7 8 1 7 5 B Y
8 1 7 4 D B
4 3 9 1 5 M
1 9 5 0 1 A
6 5 5 5 B
1 2 2 7 4 B
2 4 8 0 6 T
6 2 5 8 5 R
2 2 2 5 8 B
5 8 4 5 R R
1 9 8 0 4 A A
2 4 5 1 H T
6 6 6 R Y
7 3 7 0 2 S
1 7 5 8 8 Y
5 8 2 5 3 S
5 7 6 2 H
1 8 3 8 1 B
7 5 4 8 8 B B
4 5 5 6 T
2 5 5 8 0 M
8 8 8 5 9 B
5 4 2 5 D
5 5 5 4 0 H H
6 L 5 2 7 T
1 5 7 5 1 B
2 9 8 2
2 5 5 7 0 Y
7 1 5 2 R
7 4 4 9 9 B S
1 5 9 0 9 Y
5 5 2 5 B
8 6 1 5 4 H
8 7 8 8 4 H
5 0 7 4 B T
1 5 5 0 L
9 5 5 7 B
5 4 2 5 5 L
5 5 5 7 5 B T
6 2 8 6 R
1 6 6 6 B
6 8 5 9 7 R
5 0 3 5 S S
5 8 8 8 2 L T
8 5 5 3 3 R
8 2 5 4 3 D
5 7 7 1 3 D
1 8 5 0 B
1 4 4 9 0 D
4 5 0 2 2 R B
7 5 5 8 B B
5 5 2 2 B
7 7 5 0 4 R
5 2 4 5 B S
5 5 2 5 4 H
7 2 2 6 4 B D
4 3 9 9 L
5 7 5 5 7 Y
2 0 4 4 A H
6 5 7 7 L B
7 5 4 5 0 R
5 2 5 5 7
3 1 0 7 9 D
5 4 5 5 0 D B
1 2 2 2 D
8 0 2 0 0 B B
3 6 4 5 1 R Y
5 5 8 7 B H
4 8 5 7 5 B W
8 5 9 0 4 M
4 8 4 4 B
7 1 5 1 5 M
6 7 8 R
1 5 5 5 Y
1 4 4 5 0 M
6 2 1 8 7 H
5 2 2 5 5 1 L
7 1 2 2 2 D
8 8 0 4 7 B
7 5 7 5 9 S
5 5 1 4 L D
6 6 5 2 5 D
5 8 2 2 0 1 Y
9 2 2 2 7 1
6 2 2 9 8 T
7 2 3 2 R H
7 8 5 3 9 R
2 8 1 5 5
6 7 5 5 T T
2 6 0 3 D
7 0 9 0 H M
5 8 4 5 8 A A
6 5 2 7 5
8 5 2 0 7 H
5 5 5 1 0 D
5 2 5 4 B B
1 6 5 8 7 Y
1 5 1 9 H
1 5 1 K T
6 5 7 7 0 D
6 7 9 9 1 2 L
7 8 2 7 7 D
5 7 5 5 B M
4 4 4 7 9 B D
1 5 5 7 7 L
4 7 2 7 B
3 5 1 4 7
6 8 5 T
6 5 2 9 B
7 5 7 5 9 S
9 0 6 7 B
5 5 4 2 2 T T
1 5 7 4 B B
5 5 7 3 5 B S
5 5 7 6 D A
2 6 9 7 9 A A
6 7 7 8 2 B Y
2 2 8 5 0 A A
5 1 8 5 B B
5 5 7 7 4 B
4 5 4 7 7 B M
5 4 6 2 4 B
1 4 4 7 L A
1 2 2 5 5 B
2 1 7 5 5 R R
5 9 4 4 8 D
4 0 5 0 Y
4 4 2 5 B T
7 7 3 4 5 D
4 3 8 0 L L
1 4 9 0 D
2 2 0 4 R R
7 1 6 5 5 D
5 5 2 2 0 Y T
5 1 6 0 3 D B
7 5 5 2 2 Y
5 6 2 2 H
7 7 K B
1 2 5 7 T D
7 6 5 5 L
1 5 7 7 B
4 1 9 4 H
8 1 6 2 5 T S
5 6 5 5 5 7 A
1 4 5 5 B
5 1 7 7 B B
1 5 4 5 1 H
4 4 1 6 0 S
4 4 1 6 0 S
4 7 5 5 5 D
6 6 9 5 B A
2 8 2 1 8 B H
1 8 7 9 L A
5 6 5 0 8 A A
3 7 5 5 6 H B
7 2 2 5 1 D D
1 5 0 4 2
7 6 5 8 B B
6 6 3 0 7 R
7 6 7 4 B
2 5 5 5 B D
1 8 7 6 9 D A
8 1 7 3 7 R
2 2 2 7 7 L
5 7 5 9 D
4 5 5 0 0 B
1 5 5 5 B
5 5 5 8 2 S
8 1 0 4 Y
5 6 8 9 9
3 5 5 2 1 T
4 4 2 8 L
4 1 9 4 9 R
9 4 4 5 8 B B
5 6 5 8 7 B B
5 2 4 5 7 D
5 4 4 8 B H
6 6 6 3 0 Y Y
7 8 5 5 8 B
5 5 5 4 7
2 5 5 5 7 T B
7 9 7 2 B S
1 5 5 T B R
3 3 7 5 0 B R
5 5 5 8 B
5 0 4 7 D
5 7 6 8 6 B
7 8 2 7 7 D
4 2 2 7 4 L S
5 8 8 7 1 M D
6 1 5 7 2 S B
8 5 5 4 4 B R
5 8 4 4 8 D A
1 8 5 0 B