
4 9 2 L
1 4 2 4
2 6 1 1
1 6 9 0 9 B
4 5 1 9
2 6 6 0 0 D
5 7 6
4 7 4 H
4 5 7 5 D
4 5 5 H
5 2 1 5
2 4 7 7 9
4 5 5 3 7
0 0 2 0
1 5 7 7 L
4 8 1 4 L
7 2 8
1 5 3 4 2 L
5 5 0 5 7
1 2 1 5 7
1 6 5 2
7 3 9

7 1 5 7
8 4 1 4
5 5 6 1
4 2 6 4 L
4 6 5 7
1 4 2 1
2 5 5 2 R
6 2
1 7 9 8 0 L
1 7 5 7 5 9
6 5 5 1 6 L
4 4 5 2 5 D
4 1 4 7 Y
7 4 1 5
2 3 5 L
7 5 2 7
4 5 3 7 8


4 0 5 9 L
2 2 8 1 5
1 1 6 9
2 0 0 7
7 7 5
4 6 5 5
5 0 2 3 4
2 2 4 6
7 5 0 9
6 4 2 0
4 1 4 4
7 7 1 5 1 L
1 6 6 5 2
5 6 5 9 L
5 5 5 L
8 1 7 7 T
5 7 5 0 D
7 9 1
8 3 3 4 L
6 1 4 5 D
6 6 0 2
4 7 8 0 5 D
1 4 1 0 9
1 4 7
5 1 5 5 S
4 9 9 5
2 1 8 6
5 8 8 9 7
1 7 2 1 4 L
8 7 1
2 3 7 8
2 3 2 8
1 5 6 0 5
1 1 1 Y
4 1 9 4 Y
1 5 1 2 H
5 2 8 5 6 D
4 3 5 0
1 4 3 T
7 8 8 7
7 8 0 4
8 8 1 1 5
7 1 5 0
6 5 0 5 B
8 1 6 2
2 5 2
5 5 7 2 0
1 5 5 5 6
1 1 5 Y
4 7 5 9 7
5 2 3 6
8 6 5 0 R
1 2 8 9 Y
2 2 5 5 9 L
5 5 7 0
1 2 7 5
9 2 1 7
6 2 1 7
1 4 9 1
4 3 1
1 6 5 1
7 1 7 1
7 5 0 L
1 5 5 2 0
1 5 6 5 0
4 9 7 5 D
7 5 1 L
5 5 0 0 7
4 7 1 0 0 A
1 5 9 0 5
1 1 1
1 1 2 7 6
4 2 3 5 L
7 7 5 7
5 2 5 4 L
1 3 6 4 4
4 1 5 5 6
5 5 4 0
7 1 3 5
2 1 7
4 4 8 6
2 1 0 2 5
5 6 2 3 5
2 0 5 6
4 4 1 1 7
6 0 6 4 A
1 4 7 3 5
1 4 7 3 5
7 1 1 2 H
4 7 1 4
4 2 2 6 9
6 1 1 8 2
2 9 7 2 9
1 5 6 7 2
6 4 6 5
5 1 1 5
5 4 4 Y
4 3 7 6 L

5 5 8 0 L
4 9 5 6 4 D
1 5 0 7 9
6 1 8 2
5 4 6 5 H
5 7 4 6 5
8 8 1 9
1 5 8 7 B
4 6 7 4 7 L
4 2 7 2 4
9 7 1 5 5 L
5 7 3 7 5
5 2 0 L
5 1 7 2
2 1 5 5
4 5 7 7
6 4 7 7 D
4 5 7 2 L
1 7 7 1 9
5 2 8 2 K
4 1 1 2
4 6 3 1 L
4 8 7 2 L
1 1 1 4 7 D
1 5 0 7
9 0 4 4
1 8 2 3 6 L
1 6 5 0 7 Y
1 4 0 5 0
5 9 5 5
5 2 5 5 8
5 5 5 6 D
4 1 1 1
4 7 4 9 0

8 2 1 4
5 1 1 7 2 L
5 5 4 4 B
1 1 7 9
1 2 7 7 5 Y
1 3 4 2 L
5 4 1 7 7
1 6 5 2
5 7 7 4
5 7 9 2 S
4 5 5
2 1 7 7 5
1 9 5 4 5
9 9 2 L
1 2 0 5 4 H
1 4
1 8 4 8
9 1 1 1 B
5 5 1 4 M
1 4 7 8 2
6 2 7 5
9 1 5 0
8 9 7 1
1 5 0 4
4 0 4 4
4 4 1
4 6 6 5 D
5 9 7 5
5 5 5 4
2 1 0 1 S
8 1 1 2
2 2 5 7
4 7 0 2 7
1 8 3 2 5
4 6 1 5 5
1 7 5 7 4
2 2 1
6 6 4 5
2 7 5 7
1 5 2 L
9 4 1
1 8 1 2 2
7 1 5 5 L
1 7 4 4
7 9 5 8
1 5 8 0 5 D
7 5 7 4
5 7 9 0 5 A
1 1 9 3 7
4 2 2 1 2
9 7 0 9

5 1 1 0
4 7 1 8
9 8 6 3 L
4 2 1 0
7 3 5 0

1 1
8 9 7 0 W
5 5 0 0 L
2 9 9 8 D
2 6 4 5
4 1 4 4
4 5 5 3 9 L
1 4 9 7 6
8 5 1 7 L
7 0 3 2
1 8 0 6 L
4 4 5 3
7 0 0 5 D
5 5 1 7 5
4 4 5 0 L
1 1 9 1 R
4 3 4 7 7
1 1 8 7 2 T
2 5 5 9
5 4 1 1
5 8 2 0 L
1 4 5 9
5 8 0 5 8 A
1 9 1 7 9 A
2 2 3 7 8 D
5 3 2
4 2 8 0 D
1 1 1
1 2 1 6 7
9 2 7 9 B
5 7 1 9
5 4 1 0
7 6 7 3 9
7 1 7 5
4 7 5 1 L
1 9 8 6 5
4 6 9
1 1 5 0
1 3 5
4 1 7
4 6 2 2 L
1 2 2 2 L
7 8 4 7
4 2 1 7 T
8 4 5 9
6 1 2 5 L
7 3 8 7 7
4 9 5 4 D
4 9 0 9 A
4 5 7 5
8 7 0 9
1 4 8 4 0
5 4 1 5
1 1 1 7
1 5 2 0 L
1 4 1
5 8 6 8 4 B
8 6 2 0 0
6 9 1 6 5
2 7 6
4 1 5 7 1
4 7 6 2 2 D
2 2 0 6 9
4 2 8 4
4 5 5 Y
5 9 8 7 L
2 5 6 9 L
5 5 5 6
6 7 0 4
1 5 5 6 7
2 5 1 9
5 4 1 7 T
5 7 4 D
4 1 5 L
2 1 7 5 0 L
8 6 5 9 5
2 2 7 4
2 4 3 0 L
1 2 5 0
4 4 1 5
4 5 5
9 5 5 4
4 4 5 1 L
6 6 6 H
7 7 7
8 7 5 8 7
5 8 2 S
5 7 6 2
4 8 3 8 L
7 5 4 9 B
4 4 5 7 L
1 1 5 0
1 5 3 1 7 M
5 4 1 5 L
1 0 5 4 9 T
4 6 0 5 7
8 1 7 3 0
2 2 9 8 L
2 5 1 7
7 1 3 7 L
7 4 4 7 B
1 5 9 0 9
8 5 5 2 9
1 8 6 2 5
4 3 7 8 8
5 0 7 4 D
4 9 5 5
9 5 5 7 8
1 5 4 2 5
4 5 5 7 9 L
6 2 8 6
6 6 6 D
8 5 4 9
5 0 1
8 3 0 3 5 T
8 5 6 3 3
8 9 5 4
5 1 1 L
1 8 5 0
2 1 4 9 0
3 5 0 2 2
7 7 5 5
1 5 2 1
7 7 3 4
1 1 1
5 5 2 5 4
1 2 2 4 H
1 1 3 5
8 7 5 1 Y
2 0 4
1 6 7 2
7 5 4 0 D
1 1
1 4 7 9 B
4 5 1 5
4 1 2 7
8 0 7 2 0 L
3 6 4 5 B
7 5 8 1
4 8 2 D
1 5 5 0 7
4 8 4 6
7 1 0 5
6 7 3
1 1 4 4
1 2 4 5 1 D
1 6 1 8 7
5 2 2 5 5
1 7 1 1 7
1 5 0 4
1 7 5 7 5 Y
1 1 4 L
2 6 5 2 7
5 5 1 2 9
1 2 2 1 7 L
1 6 1 9
7 2 3 2 R
4 8 1 7
2 8 1 5 L
1 5 7 1
9 6 0
7 0 9 0 M
5 8 4 5 8 A
8 5 1 7
8 5 2 0 7
1 4 1 5 S
4 1 1 4 L
6 5 8 7
1 5 1 7
4 1 4 1 H
7 5 5 7 0
5 6 7 9 2
7 8 2 7 S
4 5 7 5 5
4 4 4 7 9 L
1 5 9 7
1 4 7 1 7
5 1 1 4

4 1 1 9
7 5 7 5
1 7 0 6 L
4 5 5 4 2 L
1 0 0 1
5 5 7 3 B
4 3 5 7 6 D
2 6 7 9 A
1 4 7 8 2
2 8 5 L
5 5 1 8 5 D
5 5 7 4 Y
4 5 2 0 T
5 4 6 1 4
1 1 1 L
4 1 2 5
1 2 1 7 5 R
5 5 7 4 6
4 4 0 5 7 T
4 4 1 5 D
7 2 1 4
4 5 3 0 L
1 1 4 9 0
2 2 2 4 H
9 1 6 5
5 7 3 2 9 Y
4 5 1 6 0 L
7 1 6 7 S
1 5 6 1 2
7 4 4
2 2 9 5 L
9 6 5 5 L
4 5 7 7
4 1 9 7
8 1 6 7 5
5 6 6 1 9
2 4 5 5
4 5 1 7 0
7 9 4 4 L
4 4 1 6
4 4 1 6 L
4 4 7 5 5 D
6 0 1 7 5 D
2 8 2 1 8
1 5 5 7 9
5 6 5 0 8
5 5 5 6 9
7 2 1 2 D
5 5 0 4
7 6 5 9
4 6 3 0 7
5 6 7 4
2 6 5 Y
8 8 7 6 9
1 1 3
2 1 2 2 2 D
1 8 7 4 9 S
4 1 1 0
6 5 1 1 5 D
2 5 5 8 D
4 1 1 6
5 6 8 9
6 7 5 2
4 4 2 8
4 1 0 9
4 9 4 5 5 D
1 3 6 5 7 B
4 1 1 4 D
5 4 1 0 L
4 6 6 7 0 L
7 8 5 5 D
8 7 1 5
4 2 4 5 7
2 9 7 2
1 7 4 4
3 3 7 5 D
1 8 5 3 9
2 0 4 7
5 7 6 8 D
7 8 2 7 S
1 2 1 4
1 5 3 7 L
1 5 0 7 2
1 8 5 4 L
5 5 8 4 5
5 8 5 D