1 6 6 2 B T
0 2 7 2 2 K
4 2 6 4 6 S
1 6 5 1 4 S
1 6 9 0 9 B B
6 2 9 8 5 Y
2 6 6 0 6 D
5 7 6 9 Y
5 8 7 5 5 K K
3 5 7 5 1 B
4 5 8 L H
2 8 5 1 A B
2 6 7 7 9 A A
8 5 2 7 9 S
2 8 0 2 0 B D
7 5 5 1
8 1 4 3 0 B S
7 2 8 0 7 S
5 3 4 2 2 D
3 0 5 7 9 H
2 0 5 7 5
6 5 2 8 7 S
8
7 2 B B
2 4 5 2 S
8 4 9 6 4
5 6 1 9 5 T
4 2 6 4 8 B
6 3 7 0 6 A
1 4 2 4 7 H
2 5 0 2 R W
6 2 1 2 5 B
1 9 9 8 0 5 B B
7 5 7 5 9 S
6 6 8 6 2 B B
4 5 2 5 D R
6 0 4 7 5
7 4 1 5 5
2 8 5 0 A B
7 5 2 7 4 M
9 3 2 8 H
3 1 4 5 S S
1 6 M
6 0 5 9 1 Y
2 8 1 5 2 Y
4 3 6 9 4 D
8 0 7 7 S
7 7 5 7 2 D
6 3 8 7 9 H
5 0 2 3 4 R
2 2 6 2 6 H
7 3 0 9 2 Y
6 4 2 0 5 M
2 3 7 4 1 9
7 7 8 3 1 M
1 6 0 5 9 W
5 6 3 9 3 W
5 8 8 2 B H
6 5 7 0 1 H
3 7 8 0 0 R S
7 9 1 B D
8 3 8 4 2 D
6 2 4 5 6 M
6 6 0 2 5 B
7 8 0 6 8 H
2 7 8 0 B B
4 4 1 5 5
5 6 5 7 8 A A
9 9 5 5 5
2 1 8 6 9 M
3 8 8 9 7 M
7 2 2 4 5
8 2 9 1 A A
2 8 2 2 8 H
2 8 2 2 8 H
6 6 1 5 1
5 9 5 2 K S
4 2 9 4 7 A
3 1 8 2 4 B B
9 8 5 6 1 B B
8 5 0 H Y
5 4 9 2 7 Y
7 8 8 7 9 M
7 8 0 4 7 B
8 8 1 5 H H
7 6 0 2 9 H
6 5 0 3 4 B B
8 1 6 2 5 T
2 5 2 3 R W
5 7 2 6 5 M
6 5 3 6 6 B
4 2 5 6 5 B B
1 8 9 7 6 T
3 2 8 6 B T
8 6 5 0 8
3 2 8 1 9 A A
2 8 5 9 0 B
3 7 8 0 0 B S
1 2 2 5 2 M
9 2 2 7 3 H
6 2 1 4 9 Y
1 4 9 1 0 M
4 3 1 5 7 D
6 2 4 9 K
7 1 7 1 5 B
7 5 0 0 5 W
8 9 2 0 5 A
5 8 5 6 5
4 9 7 5 6 B T
7 8 1 0 R W
5 0 0 7 9 B B
4 7 4 9 0 A A
3 9 0 5 5 A
1 4 5 7 T T
1 2 9 6 1 B
8 8 1 5 H
2 7 5 7 0 M
2 7 8 2 T L
1 3 6 4 4 B
6 5 3 6 6 R
5 9 4 6 8
7 4 2 5 7 R
2 4 3 7 R
4 4 8 6 1 R
2 0 2 3 9 A
6 2 3 5 5 A A
2 0 5 6 5 D
6 2 3 6 7 M
6 6 8 4 A S
4 0 3 5 8
4 0 3 5 8
1 6 0 2 4 B B
7 0 8 7 S
1 2 6 9 2 S
6 1 9 8 2
2 9 7 2 8 S
5 7 6 3 2 A
6 1 6 7 B H
5 1 8 5 4 M
8 2 3 1 5
8 0 7 6 1 W
9 9 5 5
3 5 8 0 7 L A
9 3 6 4 8 B B
6 0 7 7 0
6 0 8 2 5 A
5 4 6 3 5 B B
5 7 4 6 5 L L
8 8 1 9 8 S
3 8 7 8 B W
6 7 4 2 5 B B
2 2 2 4 8 R
9 9 5 5 4 W
9 8 9 5 7 M
3 2 8 6 D R
8 7 2 2 D Y
1 3 5 9 A
4 2 7 2
6 4 7 7 8 B S
5 3 2 1 5 B B
7 9 1 9 A Y
3 2 8 2 7 W
4 0 2 9 7 W
4 6 3 1 2 H
4 8 9 2 1 H
1 2 1 4 7 8 Y
1 3 0 9 7 R
2 0 9 6 4 B
8 8 8 6 7 K
6 3 0 7 9 M
1 0 3 5 8 S
3 9 5 5 7 D
9 5 5 8 7 M
5 5 3 6 6 S
5 0 2 3 S S
7 4 9 0 2 A
3 7 L
4 9 4 9 A
3 2 2 2 1 S S
5 3 4 4 4 B B
6 0 7 9 1
2 7 7 0 7 Y
3 4 2 0 R S
8 8 7 2 B B
1 1 6 5 2 H R
7 7 4 5 8 S
5 7 9 2 3 B
4 8 5 9 A
1 7 9 5 5 S
1 9 3 4 5 R
3 9 2 1 6 S
2 0 3 4 5 M
1 8 3 7 7 S
1 8 4 8 8 S
9 2 1 2 8 B B
9 3 2 4 M Y
4 7 8 2 H Y
6 2 7 8 4 S
8 8 0 5 1 B
8 9 7 0 5 R
8 0 4 2 3 B
1 9 2 2 T
9 4 5 2 S
4 0 6 3 0 W
5 9 7 3 Y
3 8 3 4 4 B
2 3 0 1 1 R B
8 1 1 2 4 B B
8 2 5 7 B B
4 7 0 2 7 M
8 3 2 5 M M
6 0 5 6 8 A
7 8 7 4 2 S
2 3 0 5 2 S S
6 6 4 5 1 M S
3 7 3 7 B H
8 2 6 2 5 D
9 4 1 2 B
8 1 2 2 4 S
7 2 5 8 7 L
2 2 2 5 L S
7 9 5 8 M M
3 8 0 5 8 A A
7 3 7 4 4 B
3 7 9 0 5 A A
1 8 3 7 7 B
2 2 1 2 8 B B
9 7 0 9 5 B
4 2 5 8 Y Y
5 1 2 6 7 W
4 7 1 8 8 K
9 8 6 3 1 B
4 2 1 0 7 A
7 3 5 6 S
9 4 4 5 S
8 4 S
8 9 7 0 5 R
5 9 0 0 2 B B
1 9 7 8 6 D
2 6 4 5 2 D
7 1 7 2
8 5 3 9 2 R
4 9 7 6 1 W
8 8 9 0 1 H
7 0 3 2 7 B
8 0 6 5 3 T
4 5 7 6 Y S
7 0 0 8 M
5 2 7 3 1 B
4 4 3 0 1 B
1 9 1 8 H Y
8 4 2 3 7 B
2 8 7 2 7 R S
2 5 5 5 H
5 9 8 1 4
5 8 2 0 2 M
1 3 1 2 S
3 8 0 5 8 A A
9 9 4 7 9 A A
2 8 7 8 6 B B
3 2 2 M
4 2 8 6 1 M
4 4 2 4 5
1 2 6 7 8 S
9 2 0 9 B R
5
3 4 1 0 R M
7 6 7 3 9 M
7 6 2 8 0 Y
9 5 0 2 2 M
9 8 6 5 7 S
4 8 8 K
7 8 0 7 D S
1 8 8 0 6
8 5 7 3 T T
6 2 2 8 3 B S
1 2 2 6 B S
7 8 4 7 3 Y
2 2 2 9 D R
8 4 3 9 W W
6 0 2 5 5 A S
7 8 8 2 7 B
9 8 4 0 9 B A
4 9 0 9 A W
3 7 5 8 5 M
8 7 9 6 9 B
4 8 4 6 1 W
5 4 1 3 S S
2 4 6 7 5
6 2 0 2 5
8 8 1 1 T
5 8 6 8 4 B B
8 0 2 0 6 B S
6 9 2 6 5 D
2 7 6 0 5 B
8 5 7 5 1
7 6 2 1 6 R
2 2 0 6 9 M
1 1 8 1 4 B B
4 8 8 H
3 9 8 7 8 H
2 5 6 9 6 H
6 5 0 6 7 B
6 0 0 0 4 T
3 3 6 1 7 D B
2 5 1 1 9 R
7 8 1 7 5 Y
8 1 7 4 D D
4 3 9 1 5 M
2 9 3 0 5 A
6 5 9 5 6 S
1 2 7 4 5 H
4 2 4 8 0 6 Y
6 2 5 8 5 S
4 8 2 5 8
6 8 4 5 R S
1 9 8 0 4 A M
1 2 4 5 7
6 6 6 H Y
7 3 7 0 2 S
8 7 5 8 9 Y
5 8 2 7 S S
5 7 6 2 4 Y
1 8 3 8 1 B
7 5 4 9 8 B B
4 3 9 6 H R
4 5 8 0 4 A
8 8 6 7 M M
3 4 1 5 3 Y
0 5 4 9 7 H
6 0 8 2 7 T
1 6 7 3 0
2 9 8 2 Y
9 9 4 4
7 1 3 2 2 M
7 4 4 9 9 B B
2 8 9 0 9 Y
8 5 2 5
8 6 1 5 7 W
8 7 8 8 4 M
5 0 7 4 8 B B
9 5 0 2 S S
9 5 7 8 7 Y
5 4 2 5 1 D
5 5 7 9 6 B B
6 2 8 6 T Y
6 6 6 L Y
8 0 9 2 2 D
3 8 2 3 S S
8 8 8 1 5 B B
8 5 8 3 3 S
8 9 5 4 3 B S
5 7 5 3 D T
1 8 5 6 7 S
1 4 9 0 D Y
3 3 0 2 2 B B
7 3 8 0 B
3 5 2 1 8 D
7 7 3 0 4 M
4 4 4 5 S S
5 5 2 5 4 H
2 2 6 4 B D
3 8 2 2
8 7 3 2 7 R
2 0 4 4 A W
6 7 1 2 B
7 5 4 0 6 R
3 2 5 5 2 H
1 0 7 7 8 M
5 9 5 1 4 B B
1 2 7 5 5
8 0 2 0 6 B B
3 6 4 5 B Y
3 8 7 7
4 8 2 6 B W
8 8 0 7 4 D
4 8 4 6 1 W
7 0 1 5 7 M
6 7 8 R
1 7 7 7 4 B
1 4 3 1 9 W
6 1 8 7 H S
5 2 3 5 0 T
7 1 1 2 D D
8 0 4 7 8 B
7 5 7 5 9 S
6 1 4 2 D T
6 3 2 5 9 S
5 8 2 9 7 A A
9 2 2 7 5 T
6 1 9 7 Y
7 2 3 2 R W
4 8 0 3 7 H
2 8 1 5 2 Y
3 7 3 7 1
9 6 0 1 6 A
7 0 9 0 M M
5 8 4 3 8 A A
6 5 2 8 7 S
8 5 2 0 7 H
8 7 8 3 S S
5 2 0 2 4
6 3 8 7 9 H
6 5 2 7
1 9 7 2 5 L T
6 3 7 0 6 M
6 7 9 1 2 K
7 8 2 7 6 H
6 7 5 5 2 W
4 4 7 9 5 S B
1 6 9 7 2 S
4 7 1 7 8 A
3 0 1 4 9 M
8 6 4 S
9 6 4 8 5 Y S
7 5 7 5 9 S
9 0 6 2 B Y
5 3 4 2 2 D
3 8 4
5 3 7 3 3 B B
3 3 7 6 0 A A
2 6 9 7 9 M A
4 7 8 2 H Y
2 8 5 0 A B
3 1 8 5 5 B B
3 3 7 4 3 D
7 3 8 3 7 A K
5 4 6 1 4 B
6 6 7 4 7 L A
1 2 5 5 0 T B
2 1 7 3 7 R
5 9 4 6 8 Y
4 0 5 0 7 R
4 4 5 5 0 S S
7 2 1 4 5 B
4 3 8 0 0 A L
1 4 9 0 D Y
2 2 0 4 R R
9 1 6 5 5 S
5 8 2 7 9 B B
5 1 6 0 3 B B
7 6 0 2 9 H
2 5 6 1 2 H
7 0 4 7 5
1 2 9 6 D D
9 6 5 5 1 R
6 7 7 3 5 A
4 2 9 4 7 S
8 1 6 2 5 B
3 6 1 5 9 A A
1 4 5 8 5 B B
3 1 2 0 4 S B
1 9 2 8
4 4 2 6 0 S
4 4 2 6 7 S
4 7 5 5 6 S
6 6 9 5 6 A A
2 8 2 1 8 H
8 7 9 1
5 6 3 0 8 A A
3 7 5 6 9 W
7 2 1 5 B Y
5 3 0 4 2 R
7 6 5 9 8 B B
6 6 3 0 7 R
9 6 7 4 6 Y
2 6 8 1 B D
8 7 6 9 5 A A
4 4 7 3 7 R
2 2 2 1 3 Y
8 7 4 9 6 M
4 3 5 6 1
6 3 1 5 8 W
3 5 3 8 2 S S
8 2 0 0 6 Y
5 6 8 9 9 Y
6 5 2 2 1 K
4 4 2 8 A
4 2 9 4 9 R
9 4 3 5 8 B B
3 6 3 8 7 B B
8 9 4 1 7 B B
8 4 1 M S
6 6 6 3 0 Y
2 8 3 5 8 M
7 2 4 7
2 4 5 7 9 B B
2 9 7 2 8 S
2 2 2 5 L S
4 3 3 7 5 5 T S
8 5 3 8 5 S
8 0 4 7 8 D
5 7 6 8 5 M
7 8 2 7 6 H
4 2 0 4 1 L S
3 8 7 0 A D
6 0 7 2 4 B B
8 3 4 1 2 H H
5 8 4 3 8 A A
3 8 5 0 H