4 4 9 2 T Y
1 0 2 1 1 L
4 5 4 4 1
1 9 6 5 7 D
6 6 9 9 D D
5 5 5 5 1 L
2 6 6 6 D
5 7 6 9 H
1 4 1 5 1 T T
5 5 7 5 D
4 3 5 1 D D
2 5 5 1 A S
2 6 9 7 0 A
9 5 1 1 1 D
9 0 2 0 D D
4 4 4 1 1 T
8 1 1 5 5 B
1 7 5 8 1 D
5 3 4 7 D D
5 1 5 7 H
2 1 5 7 1 D
6 5 5 2 R
7 8 8 1 1
1 5 5 8 8 D
9 5 2 2 2 D
4 4 6 4 H L
5 6 6 1 5 D
4 2 6 8 D A
5 5 5 1 1 D
1 6 2 7 M W
2 5 0 2 D W
4 9 1 1 D T
9 9 8 1 0 D
7 5 7 5 0 K
5 0 5 0 L D
4 5 2 5 D R
5 5 4 7 3 W
7 4 1 5 5 D
7 8 5 5 B A
7 5 2 7 7 W W
5 5 2 8 H
3 5 1 5 5 S S
4 5 5 T T
6 0 5 1 H
7 8 1 5 T
5 5 0 9 4 D
9 0 0 7 0 S
7 7 5 7 7 D
5 5 5 1 1 T
5 5 0 2 2 4 4 H A A
2 0 4 6 W
7 5 5 9 L
6 4 2 2 1 T
1 9 4 1 1
7 7 5 4 1
1 6 5 5 5 Y
5 6 5 5 5 W
5 5 8 7 D H
7 7 7 0 0 M
5 7 8 0 0 D
7 0 0 1 L
3 5 0 2 D D
6 1 4 5 0 M
6 6 5 2 2 D
7 8 0 8 8
3 3 6 4 5 A
5 5 1 5 3 S
5 6 6 3 3 A A
1 5 5 5 D S
7 1 8 6 1 W
5 8 8 9 7 M
7 2 1 4 5 D
8 7 2 A A
2 2 1 8 D A
2 2 1 8 D
5 5 1 5 1 H
1 5 1 5 2 S
4 1 0 4 A
3 1 8 2 4 B
9 8 5 6 0 D D
8 5 5 1 Y
5 4 9 1 1 W
7 8 8 7 7 L
7 0 4 7 D D
8 8 1 1 5 H
7 6 5 2 9 D
6 5 5 4 4 A
8 6 2 5 D
7 5 2 5 D
5 7 7 6 0 D
5 5 5 6 0 D
4 1 5 5 5 D
5 5 9 1 5 D S
5 2 2 6 D D
8 6 5 8 8 A
1 7 8 1 0 A
2 8 5 9 0 D D
3 7 7 8 1 B
1 7 7 5 7 W
9 2 1 7 5
6 7 1 9 Y
1 4 0 1 1 M
1 3 1 5 1 D
5 1 1 1 Y
7 1 7 1 5 H
7 5 5 1 1 W W
5 5 2 0 0 A
5 6 5 6 D A
4 9 7 5 0 D B
7 8 1 1 D W
5 1 1 7 7 R R
7 4 4 1 1 A
5 9 0 1 5 D
4 5 1 4 T T
1 7 7 1 1 H
5 5 8 7 7 H H
4 0 7 0 M
5 7 5 4 T T
1 5 6 4 1 A
6 5 0 6 D D
5 0 4 6 D Y
7 4 2 5 7 L
4 4 3 7 D
4 4 8 6 L
7 1 2 5 A
6 9 5 5 5 D A
2 0 5 6 D D
4 4 5 7 7 A
0 0 0 4 0 0 6 0 0 1 0 0 9 0 0 7 0 0 8
4 0 0 9 0 D
4 0 0 9 0 D
5 5 1 2 4 D D
4 1 5 1 Y T
1 2 2 9 9 S
6 1 0 2 A
2 0 7 2 8 S
5 7 6 2 L A
6 1 6 5 5 S
5 1 8 5 5 L
5 4 5 5 T
8 0 7 1 L A
4 4 4 5 4 5 1 4 1
5 5 8 7 T
5 5 6 4 8 D
5 1 7 1 1 W
5 1 8 7 D A
3 4 6 5 5 D D
5 7 4 5 L A
8 8 1 9 8 D
5 8 7 8 D W
6 7 4 2 5 D
3 1 1 1 D D
1 0 5 5 1 K
8 8 9 5 7 T
5 7 8 6 D D
5 7 7 7 D Y
1 5 5 4 A
4 4 7 7 7 A A
6 4 7 7 D D
5 5 2 1 1 D
1 0 0 1 9 A
5 7 8 7 7 D
4 1 2 7 M W
4 6 1 2 D A
4 5 9 2 1
1 1 4 7 D Y
1 5 1 9 9 T
4 7 4 L
8 8 8 6 L
6 5 5 7 0 M
4 1 1 3 5 D
5 9 5 5 7 D
4 5 5 8 7 L
5 5 6 6 6 K
3 5 5 5 S S
7 4 9 0 L A
3 7 5 1 D H
4 4 4 4 5 4 4 9 4 4 5 4 9 4
5 7 7 7 1 S
5 5 4 4 L A
5 1 7 9 1
7 7 7 1 0 Y
5 4 4 2 1 D
4 8 7 7 B R
1 6 5 2 H R
7 7 7 5 D D
5 7 9 2 D D
2 4 4 4 5 7 9
1 7 9 5 L
9 9 5 5 5
9 2 2 1 1 Y
1 1 1 4 4 M
1 5 5 1 1 D
1 8 4 8 8 S
9 1 1 1 0 D
9 5 1 M Y
4 7 8 2 L Y
5 7 7 8 4 H
1 5 3 5 3 S
8 9 7 1 D
5 1 1 7 3
1 1 4 4 T
2 6 5 2 D W
1 6 6 5 1 W
5 0 7 5 Y
3 0 3 4 1 D
2 5 0 2 1 B B
9 1 1 7 4 B
8 2 5 7 1 B D
4 7 2 7 H A
8 3 2 5 M M
6 1 5 6 B
7 8 7 4 7 S
5 5 5 1 1 B
5 6 4 5 5 A
1 7 5 7 H
5 7 6 7 D D
4 5 1 2 A A
9 1 7 7 7 D
1 5 5 8 1 L
4 5 5 H Y
7 9 5 8 M M
5 8 1 5 8 A
7 5 7 4 L
5 7 0 5 A A
1 8 3 7 7 D
2 2 1 2 8 B
9 7 0 9 D
9 0 Y Y Y
5 1 1 1 7 H
4 4 4 4 2 4 4 5 4 4 2 4 2 2 4
1 8 6 1 L A
7 7 1 7 A
7 5 5 6 D
4 4 4 5 4 4 4 1 4 4 1 4 5 1 4 1
4 5 5 1 A
8 9 7 1 D
5 0 0 1 2 D D
1 0 0 0 8 D
2 6 4 5 2 D
1 1 4 4 D T
5 5 3 2 2 R
4 0 7 6 L W
6 0 9 1 L H
7 1 5 7 A
8 0 5 5 5 D
1 5 5 5 D W
7 1 0 5 D
5 1 7 3 L
4 5 5 1 L
1 0 0 1 D H
8 4 2 7 7 B
1 8 7 7 7 D
4 5 5 4 1 D
5 7 1 1 L K
3 8 2 2 M
4 5 5 1 9 W
5 8 5 8 A
9 9 4 7 9 A
7 8 7 8 0 D
5 5 2 6 D A
5 7 8 6 0 D
4 5 4 4 L T
4 5 1 6 1 D
8 2 0 0 R
5 7 1 1 1 A
4 4 1 1 D K
7 6 7 9 0 A
7 6 9 8 1 Y
7 5 0 1 1 L
3 8 6 5 5 S
4 0 7 M W
1 8 1 1 1 D
1 9 0 0 0 D
1 5 7 3 H Y
6 2 2 2 8 D
1 2 2 6 B D
8 0 1 5 Y A
4 4 2 D D
8 4 5 5 Y W
5 1 2 5 T A
7 8 8 2 7 D D
3 8 4 1 0 A
4 9 9 0 W
3 7 7 5 3 W
8 9 6 9 B
4 8 4 6 0 W
5 4 1 5 D S
4 1 5 6 1 D
5 2 1 1 1 T
1 1 1 1 A
5 8 6 4 D A
9 1 2 1 0 B
6 9 6 5 D
2 7 6 6 5 D
4 4 1 1 1 T
7 6 2 1 D
2 2 6 9 9 A
1 1 8 1 L D
4 5 8 M M
5 0 8 7 1 B
2 5 6 9 D H
5 5 1 6 4 Y
5 0 0 4 L L
5 5 6 1 8 D
7 5 1 1 1 R
7 8 1 3 3 Y
8 1 4 D D
4 3 9 5 5 D
1 9 5 1 A
5 5 9 5 D
1 9 7 4 D H
5 4 8 6 0 Y
6 2 5 5 5 R
4 2 2 8 8 W
5 9 4 5 S S
9 5 8 4 H A
4 1 5 1 1 Y
6 6 6 Y
7 7 0 2 S
8 7 5 0 H A
5 8 2 5 5 S
5 7 6 2 4 Y
1 8 5 1 1 A
7 5 4 8 D D
6 5 5 6 D H
4 5 5 4 4 A
8 9 5 0 R A
5 4 1 5 5 Y
4 5 4 4 7 H
4 1 8 2 7 T
5 7 7 3 1 D D
2 9 8 2 Y
2 5 4 4 Y Y
7 1 3 7 7 M
4 4 4 9 9 B
1 8 9 9 H
5 5 5 9 1 Y
8 6 1 5 7 W
8 7 8 8 A
5 1 7 4 8 D
1 5 5 1 L S
9 5 5 8 D Y
5 4 2 5 1 D
5 5 7 1 0 D D
6 2 8 6 D
6 6 6 6 Y
9 0 0 9 2 D
3 5 2 5 S S
8 8 8 1 3 D
8 5 6 3 3 S
9 7 5 5 D D
4 7 7 1 D R
1 8 5 6 0 S
1 4 9 1 1 Y
5 5 2 2 B D
7 5 3 8 0 D D
5 5 2 1 D
7 7 5 4 Y
5 4 4 4 4 5 4 4 5 4 5 4
5 5 5 4 L
9 0 6 4 D D
1 3 3 0 7 A
8 7 5 1
2 0 4 4 A W
6 7 7 2 L
7 5 4 6 0 A
5 7 5 1 L
1 1 7 9 8 D
4 4 5 0 0 D S
4 2 2 5 5 D
8 1 2 1 0 D D
5 6 4 0 Y
3 5 5 1 1 D A
4 8 2 5 L W
8 5 0 7 4 D
4 8 4 6 0 A
7 1 1 5 5 M
6 7 8 D
1 9 5 5 T
1 4 5 5 1 W
6 1 8 7 L S
5 7 5 5 B
7 1 1 7 D D
8 1 4 7 B D
7 5 7 5 9 A
5 1 4 7 D D
6 5 5 5 7 T
5 8 2 9 1 A A
7 2 1 7 5 L
4 1 1 8 7 Y
7 2 5 2 D W
4 0 4 9 H
2 8 1 2 Y
4 4 4 1 1 T
9 6 1 1 1 A
7 0 0 1 M
5 8 4 8 A A
7 0 2 7 T D
8 5 2 7 7 D
9 9 1 5 3 D S
4 1 1 1 4 K
6 5 8 7 Y
4 5 1 1 L S
4 4 1 4 H
6 5 7 0 D M
6 7 9 1 A
7 8 2 7 7 D
1 7 5 5 3 W
4 4 7 9 5 D
1 5 0 7 7
4 7 1 7 8 A
3 1 1 4 4 M
1 1 1 0 0 0 6 H H S
6 5 1 9 5 Y
7 5 7 5 0
9 1 6 2 Y
5 3 6 7 7 D
1 9 4 L T
5 7 7 3 3 B B
5 5 7 6 1 A
2 9 7 9 9 A
4 7 8 7 2 L
2 8 8 5 1 A
5 1 8 5 5 D
5 5 7 4 5
5 5 5 3 7 A
5 4 6 4 D A
7 4 9 1 A
1 5 5 5 1 L
5 1 1 5 7 R
5 0 4 6 D Y
4 0 5 1 7 D
4 4 5 5 0 D D
7 7 1 5 D
5 8 8 0 L
1 4 9 1 D Y
2 7 7 4 H R
9 1 6 5 D
5 5 2 9 1 B B
5 1 6 1 0 D
7 6 6 2 9 D
1 0 1 2 A
7 0 6 7 D
1 2 9 5 1 D
9 6 5 5 1 R
5 7 7 3 3 A
4 4 9 4 H A
1 1 6 5 5 A
5 5 1 5 A A
1 4 3 5 8 L
5 1 9 1 1 B
1 4 4 1 1
4 4 1 6 1 L
4 4 1 6 0 S
4 7 5 5 6 A
6 6 0 5 0 A
2 8 2 8 8
9 7 7 9 1 A
5 0 5 1 8 A
2 7 5 6 9 W
7 1 1 5 D D
5 5 0 4 4 R
7 6 5 0 8 B
6 6 5 7 D
9 6 7 4 D
5 6 8 9 T L
8 7 6 9 5 A
4 5 5 R W
2 2 2 1 L Y
8 7 4 9 9 D
4 0 0 0 L Y
6 5 1 5 D
5 5 5 2 S S
4 0 6 Y A
5 0 8 9 9 Y
5 5 2 1 1
4 4 2 8 L A
4 4 4 9 D
5 4 5 5 5 D
5 6 5 7 7 D
5 0 4 1 1 D
4 1 1 1 D S
6 6 6 3 1 Y
7 8 5 5 D
5 1 5 4 4 L
1 5 5 5 1 B
1 0 7 2 8 S
4 5 5 H Y
4 0 7 5 0 R
8 5 3 3 8 S
5 5 1 1 7 D D
5 7 6 8 L
7 8 2 7 7 D
4 0 4 1 A A
5 5 5 7 1 A
5 1 7 2 2 H
3 5 5 4 1 H
5 8 4 3 8 A
5 8 5 D A