2 2 2 2 S 2 2 D 2 2 2 2 2 T 2 2 L
9 0 2 2 2 5 2 2 2 2 2 A 2 2 L 2 2 S
9 2 4 4 4 0 4 4 5 4 4 6 4 4 4 4 4 9
2 5 5 5 S 5 5 9 5 5 Y 5 5 5 5 5 3
1 6 0 0 0 1 0 0 9 0 0 7 0 0 5 0 0 3
5 5 9 9 9 S 9 9 Y 9 9 5 9 S S 9 S 5
2 6 6 6 0 6 0 0 6 6 5 6 6 1 6 6 3 6
5 7 9 9 9 Y 9 9 S 9 9 5 9 9 9 9 9 D
5 9 5 5 5 1 5 5 3 5 5 7 5 5 8 5 5 9
5 5 5 5 6 5 5 0 5 5 7 5 5 9 5 5 5 5
4 5 B B B 0 B B 1 B B H B B D B B T
7 2 5 5 5 0 5 5 8 5 5 6 5 5 2 5 8 8
2 6 6 7 7 7 9 7 7 1 7 7 5 7 7 4 7 7 2
9 9 1 1 1 2 1 1 7 1 1 5 1 1 1 1 1 3
9 0 0 0 D 0 D D 0 0 B 0 0 5 0 0 2 0
1 9 5 9 9 9 5 5 9 5 1 9 9 1 5 9 1 9
8 8 4 4 4 5 4 4 3 4 4 6 4 4 1 4 4 7
7 2 2 2 8 8 8 5 8 8 9 8 8 1 8 8 3 8 8 7
5 3 3 3 2 2 2 4 2 2 8 2 2 5 2 2 7 2 2 6
5 0 5 5 5 7 5 5 9 5 5 0 5 7 7 5 7 9
2 0 7 7 7 5 7 7 3 7 7 9 7 7 1 7 7 8
7 6 2 2 2 5 2 2 3 2 2 2 2 2 8 2 2 7
7 8 9 9 9 7 9 9 D 9 9 9 9 9 5 9 9 4
7 1 B B B 8 B B 5 B B 3 B B 8 B B H
2 2 2 S 2 2 2 A 2 2 D 2 2 L 2 2 K
8 4 6 6 6 4 6 4 4 6 5 6 6 0 6 6 9 6
5 5 1 1 1 9 1 1 7 1 1 5 1 7 7 1 7 9
4 2 2 2 4 4 4 8 4 4 3 4 4 0 4 4 6 4 4 2
6 6 7 7 7 1 7 7 5 7 7 3 7 7 9 7 7 2
5 6 7 7 7 7 7 7 5 7 7 1 7 7 2 7 7 B
2 5 5 2 2 2 R 2 R R 2 2 2 2 2 D 2 2 5
6 2 S S S 2 S 2 2 S 5 S S Y S S D S
9 9 9 9 8 8 8 5 8 8 0 8 8 3 8 8 6 8 8 9
8 5 5 5 9 5 5 7 5 5 5 5 5 3 5 5 0 5
6 6 6 6 8 6 8 8 6 6 5 8 6 5 6 8 5 6
4 5 2 2 2 5 2 5 5 2 2 2 2 9 2 2 7 2
6 5 7 7 7 5 7 5 5 5 7 9 7 7 3 7 7 9
7 4 5 5 5 3 5 5 1 5 5 0 5 5 7 5 5 8
2 8 B B B 0 B B 5 B B D B B A B B
7 5 2 2 2 7 2 2 5 2 7 7 7 2 7 5 7 2
9 3 3 3 2 2 2 8 2 2 7 2 2 5 2 2 3 2 8 8
5 5 5 5 3 5 5 1 5 5 S 5 5 5 5 3 3 5
2 2 M M M S S M S M M Y M M H M M
8 0 0 9 9 9 1 9 9 5 9 9 7 9 9 3 9 9 0
2 8 1 5 1 1 1 5 5 1 5 2 1 1 0 1 1 2
9 4 9 9 9 9 9 9 5 9 9 A 9 9 6 9 9 4
5 9 7 7 1 7 7 7 0 7 7 5 7 7 6 7 7 8
7 7 7 7 T 7 7 D 7 7 Y 7 7 1 7 7 7 7
5 8 8 8 3 8 8 5 8 8 9 8 8 1 8 8 7
5 0 0 0 3 3 3 5 3 3 8 3 3 4 3 3 2 3 3 3
2 2 6 6 1 6 6 6 5 6 6 2 6 1 1 6 2 1
7 7 0 0 0 1 0 0 9 0 0 5 0 0 7 0 9 9
6 4 4 4 2 2 2 0 2 2 5 2 2 3 2 2 2 2 2 9
5 9 2 2 2 5 2 5 5 5 2 2 4 2 5 4 2 2
7 7 7 7 3 3 3 5 3 3 7 3 5 5 3 5 7 3 7 5
2 6 5 0 5 5 5 0 0 0 5 5 5 5 5 0 5 0
5 6 6 6 9 9 9 5 9 9 7 9 9 3 9 9 1 9 9 6
5 9 8 8 8 2 8 8 5 8 2 2 2 8 2 5 8 8
7 6 7 7 7 2 7 7 6 7 2 2 7 6 2 7 2 6
9 7 8 8 8 0 8 8 3 8 8 5 8 8 8 8 8 1
7 9 B B D B B B 1 B B 2 B B 5 B B S
8 3 4 4 4 8 4 4 2 4 4 3 4 8 8 4 2 8
6 1 5 5 5 6 5 5 5 5 5 8 5 5 0 5 5 3
2 6 0 0 0 2 0 0 5 0 0 1 0 0 7 0 0 6
7 8 8 8 0 8 8 5 8 8 1 8 8 8 8 8 6 8
2 S S S 5 S S D S 5 5 5 S 5 D S S
5 5 5 5 5 S 5 5 2 5 5 6 5 5 D 5 5
5 5 5 5 4 5 5 3 5 5 9 5 5 6 5 5 5 5
9 9 5 5 5 S 5 5 3 5 5 5 5 5 Y 5 5 7
2 6 6 6 8 6 8 8 6 6 5 6 8 5 8 6 5
5 8 8 8 9 8 9 9 8 8 7 8 9 7 8 8 5 8
7 7 1 1 1 4 1 1 2 1 1 5 1 1 3 1 1 0
2 2 2 2 A 2 A A 2 2 7 2 2 1 2 2 2
2 2 8 8 1 8 8 8 2 8 1 1 8 1 2 8 2 1
2 2 1 1 1 8 1 1 2 1 8 8 1 2 8 1 8 2
6 6 5 5 5 0 5 5 6 5 0 0 5 0 6 5 6 0
5 2 5 5 5 2 5 2 2 5 L 5 5 S 5 5 D 5
4 1 9 9 9 0 9 9 4 9 9 7 9 9 5 9 9 1
7 8 2 2 2 4 2 2 5 2 2 3 2 2 2 2 2 8
9 8 6 5 5 5 6 5 6 6 5 3 5 5 0 5 5 3
8 5 0 0 0 H 0 0 D 0 0 1 0 0 5 0 D D
2 2 2 2 5 2 2 1 2 2 3 2 2 4 2 2 T
1 8 8 7 8 8 8 5 8 8 2 8 8 9 8 8 3 8
7 8 8 7 2 2 2 7 2 7 7 7 2 4 2 2 4 7 2
8 8 8 8 1 1 1 5 1 1 2 1 1 3 1 1 0 1 1 7
7 7 0 0 0 2 0 0 1 0 0 5 0 0 8 0 0 3
6 5 3 3 3 5 3 5 5 3 4 3 5 4 3 3 4 5
8 1 2 2 2 5 2 2 3 2 2 6 2 2 9 2 2 2
2 5 H H H 5 H 5 5 H S H 5 S H H B H
5 7 7 7 2 2 2 6 2 2 5 2 2 3 2 2 7 2 6 6
6 5 5 5 6 5 6 6 5 5 8 5 5 3 5 5 9 5
4 2 6 6 6 5 6 6 5 6 6 S 6 6 6 6 6 9
5 8 9 9 9 5 9 9 1 9 9 7 9 9 0 9 9 4
3 2 2 6 6 D 6 6 6 5 6 D D D 6 D 5 6 6
8 6 6 6 8 8 8 0 8 8 1 0 8 1 8 0 0 0 8 0
5 2 8 8 8 1 8 8 5 8 8 2 8 1 1 8 1 5
2 8 5 5 5 9 5 5 7 5 5 3 5 5 6 5 5 0
9 9 8 8 8 0 8 8 9 8 0 0 8 0 9 8 9 0
2 5 5 5 3 5 5 5 5 5 2 5 5 7 5 5 S
9 2 2 2 1 1 1 7 1 1 2 1 7 7 7 1 7 2 7 1
6 2 2 2 4 4 4 6 4 4 9 4 4 0 4 4 2 4 6 6
2 D D D 1 D D 5 D D 2 D 1 1 1 D 1
4 3 5 5 5 D 5 5 T 5 5 Y 5 5 S 5 5 1
9 9 4 4 4 6 4 4 4 4 4 5 4 4 1 4 4 3
7 2 7 7 7 2 7 2 2 7 1 7 2 1 7 7 1 2
7 5 0 0 0 1 0 0 D 0 0 5 0 1 1 0 1 D
8 9 2 2 2 0 2 2 8 2 2 3 2 2 7 2 2 5
5 6 5 5 5 6 5 6 6 5 4 5 5 0 5 5 8 5
4 9 7 7 7 5 7 7 2 7 7 6 7 7 9 7 5 5
7 8 8 8 1 1 1 5 1 1 0 1 1 3 1 1 7 1 0 0
5 0 0 0 7 0 7 7 0 0 5 0 0 1 0 7 5 0
4 7 9 9 9 0 9 9 5 9 9 1 9 9 8 9 9 4
5 9 0 0 5 0 0 0 3 0 0 1 0 0 8 0 0 7
9 2 0 0 0 4 0 0 1 0 0 3 0 0 9 0 0 5
8 2 9 9 9 6 9 9 7 9 9 1 9 9 5 9 9 0
7 9 2 2 2 7 2 2 5 2 2 3 2 2 9 2 5 5
2 7 7 7 0 7 7 2 7 7 5 7 7 4 7 7 1 7
9 7 5 5 5 4 5 5 1 5 5 3 5 5 2 5 5 7
1 3 4 4 4 0 4 4 6 4 4 5 4 4 4 4 4 3
9 6 6 6 5 6 5 5 6 6 3 5 6 3 6 5 3 6
5 9 6 6 6 4 6 4 4 6 6 5 6 4 5 4 6 5
7 4 2 5 2 2 2 5 5 2 5 7 2 2 9 2 2 7
2 4 7 7 7 1 7 7 T 7 7 7 7 7 Y 7 7 3
4 4 4 4 8 8 8 6 8 8 5 8 8 3 8 8 9 8 8 4
2 2 2 2 5 2 2 3 2 2 7 2 2 6 2 2 9
5 2 3 3 3 5 3 3 8 3 3 4 3 3 7 3 3 9
2 5 5 5 6 5 5 2 5 5 5 5 5 0 5 5 9
9 2 2 6 6 6 7 6 6 5 6 6 9 6 6 4 6 6 2
6 6 4 4 4 A 4 4 4 4 4 5 4 4 9 4 4 6
7 2 9 9 9 5 9 9 6 9 9 7 9 9 4 9 9 3
7 2 9 9 9 5 9 9 6 9 9 7 9 9 4 9 9 3
7 6 2 2 2 0 0 2 0 2 2 1 2 0 1 0 2 1
9 1 7 7 7 9 7 7 5 7 7 4 7 7 3 7 7 1
8 2 6 6 6 5 6 6 9 6 6 4 6 6 2 6 5 5
6 1 8 8 8 7 8 8 2 8 8 9 8 8 4 8 8 0
2 9 9 2 2 2 8 2 2 7 2 2 3 2 2 5 2 2 9
5 7 7 7 3 3 3 5 3 3 2 3 3 9 3 3 8 3 3 6
6 1 6 6 5 6 6 6 3 6 6 8 6 6 9 6 6 7
5 5 8 8 8 5 8 5 5 8 9 8 8 3 8 8 4 8
5 2 5 5 5 0 5 5 6 5 5 1 5 5 3 5 5 8
8 0 0 0 6 6 6 2 6 6 1 6 6 5 6 6 4 6 6 3
9 9 5 5 5 S 5 5 4 5 5 5 5 5 M 5 5 1
3 5 5 0 7 0 0 0 7 7 7 0 1 0 0 1 7 0 7
9 8 6 6 6 4 6 6 0 6 6 5 6 6 9 6 6 8
6 0 7 7 7 9 7 7 5 7 7 4 7 7 7 7 7 0
6 0 2 2 2 8 8 2 2 5 2 8 2 8 5 2 2 3
5 4 4 4 5 5 5 6 5 5 3 5 5 5 5 5 S 5 5 8
5 7 7 7 6 5 6 6 6 5 5 6 5 4 6 6 4 5 6 4
8 8 1 1 1 9 1 1 5 1 1 3 1 1 0 1 1 2
3 8 8 7 7 7 Y 7 7 7 7 7 5 7 7 8 7 Y Y
5 7 4 4 4 2 4 4 5 4 4 3 4 4 6 4 4 8
2 2 2 2 4 4 2 2 1 2 2 5 2 2 0 2 2
5 5 5 5 5 5 5 6 5 5 3 5 5 2 5 5 8
9 8 5 9 9 9 5 9 5 5 9 7 9 9 7 5 5 5
3 2 2 9 9 9 D 9 9 R 9 9 S 9 9 8 9 9 9
5 9 2 2 2 2 2 2 5 2 2 7 2 2 3 2 2
3 5 Y Y Y A Y Y S Y Y 9 Y Y D Y Y 5
9 2 2 7 2 2 2 2 2 2 5 2 2 8 2 2 3 2
8 4 7 7 7 8 7 7 7 7 7 2 7 7 5 7 7 3
5 3 2 2 2 5 2 2 1 2 2 2 2 2 9 2 2 3
9 9 1 1 1 5 1 1 2 1 1 9 1 9 5 1 5 5
5 2 8 8 8 2 8 2 2 8 7 8 8 5 8 8 3 8
4 0 2 2 2 9 2 2 7 2 2 5 2 2 4 2 2 2
4 6 6 6 2 1 2 2 2 1 1 1 2 1 5 2 2 5 2 1
4 8 8 2 2 2 1 2 2 5 2 2 3 2 2 2 2 2 9
5 1 4 4 4 7 4 4 8 4 4 5 4 4 6 4 4 0
5 3 0 0 0 9 0 0 1 0 0 5 0 0 7 0 0 6
9 9 4 4 4 4 4 4 B 4 4 5 4 4 9 4 B B
3 8 6 6 6 D 6 6 0 6 6 6 6 6 5 6 6
6 5 0 0 0 7 0 0 1 0 0 5 0 7 7 0 7 1
5 7 3 3 3 5 3 3 6 3 3 4 3 3 8 3 3 0
5 9 9 9 5 5 5 5 5 5 7 5 5 Y 5 5 S 5 5 D
9 5 5 5 8 5 5 7 5 5 5 5 5 0 5 5 3 5
5 5 5 5 6 6 6 3 6 6 8 6 6 1 6 6 0 6 6 5
9 9 5 5 5 3 5 3 3 5 5 S 5 5 8 5 5 5
7 4 9 9 9 0 9 9 5 9 9 2 9 9 6 9 9 7
2 D 1 1 1 D 1 D D D 1 H 1 1 H D 1
9 9 5 5 5 4 5 5 0 5 5 9 5 4 4 5 1 5
5 2 2 7 2 2 2 3 2 2 2 2 2 4 2 2 5 2
5 3 3 3 4 4 4 0 4 4 6 4 4 2 4 4 5 4 4 3
8 1 7 7 7 9 7 7 5 7 7 4 7 7 0 7 7 6
1 2 7 7 7 0 7 7 5 7 7 8 7 7 1 7 7 2
5 4 4 4 2 2 2 7 2 2 0 2 2 3 2 2 5 2 2 2
5 8 7 7 7 2 7 7 5 7 7 3 7 2 2 2 7 2
2 5 5 5 2 5 5 3 5 5 7 5 5 H 5 5 8
7 9 4 4 4 2 2 4 4 5 4 2 4 2 5 4 4 6
5 7 7 9 9 9 2 9 9 5 9 9 7 9 2 2 9 3 9
2 2 2 S 2 2 2 D 2 S S S 2 S D 2 2
7 7 7 5 5 5 9 5 5 0 5 5 7 5 9 9 5 9 0
5 9 9 4 4 4 5 4 4 3 4 4 8 4 4 0 4 4 9
9 9 5 5 5 2 5 5 1 5 5 6 5 5 7 5 5 3
2 3 3 3 4 3 3 5 3 3 2 3 3 6 3 3 8
9 5 5 5 3 5 5 1 5 5 9 5 5 T 5 5 2 5
1 8 8 8 B 8 B B 8 8 8 8 8 S 8 8 4 8
9 1 1 1 8 1 1 2 1 1 3 1 1 4 1 1 0 1
9 3 4 4 4 M 4 4 5 4 4 4 4 4 Y 4 4 3
4 7 8 8 8 2 8 8 5 8 8 3 8 8 4 8 8 7
6 2 2 2 7 7 7 8 7 7 4 7 8 8 7 8 4 7 7 2
5 9 5 5 5 S 5 5 8 5 5 3 5 5 6 5 5 9
8 9 9 9 7 0 0 0 7 0 7 7 0 8 0 0 1 0 0 8
5 0 0 0 2 2 2 7 2 2 4 2 2 1 2 2 5 2 2 0
2 0 9 9 9 2 9 9 4 9 9 5 9 9 8 9 9 L
2 2 2 2 5 2 2 S 2 2 3 2 2 2 2 2 B
4 0 0 0 5 5 5 3 5 5 0 5 3 3 3 5 3 0 3 5
5 9 9 9 5 5 5 3 5 5 S 5 3 3 5 3 S 3 5 S
5 8 4 4 4 3 4 4 5 4 4 0 4 4 D 4 4 4
2 1 1 1 2 1 2 2 1 1 5 1 1 4 1 1 3
5 8 2 2 2 1 2 2 5 2 2 7 2 2 3 2 2 0
8 2 2 7 7 7 5 7 7 3 7 7 7 7 7 9 7 7 D
4 7 2 2 2 7 2 7 7 2 5 2 2 0 2 2 3 2
8 3 2 2 2 5 2 2 7 2 2 6 2 2 3 2 5 5
5 1 5 5 5 6 5 5 0 5 5 8 5 5 5 5 5 3
7 8 7 7 7 4 7 7 2 7 7 5 7 7 6 7 7 8
8 2 0 0 5 0 0 0 6 0 0 7 0 0 3 0 0 2
6 6 6 6 4 4 5 4 4 4 3 4 4 6 4 5 5 4 5 3
2 B B 7 B B B 5 B B T B B H B B S
9 2 6 6 6 5 6 6 9 6 6 4 6 6 6 6 6 2
2 1 1 1 2 1 1 1 1 1 5 1 1 3 1 1 8
5 8 2 2 2 7 2 2 2 2 2 5 2 2 3 2 2 9
7 0 8 8 8 3 8 8 5 8 8 9 8 8 4 8 8 0
7 7 5 5 5 3 5 5 9 5 5 1 5 5 8 5 5 5
7 9 8 8 5 8 8 8 K 8 8 H 8 8 M 8 8 W
5 8 0 0 0 5 0 0 1 0 0 8 0 5 5 0 5 1
7 3 7 7 7 4 7 7 5 7 7 8 7 7 3 7 4 4
3 7 7 0 0 5 0 0 0 1 0 0 7 0 5 5 0 5 1
7 8 7 7 7 T 7 7 7 7 7 Y 7 7 3 7 7 5
2 2 2 1 2 2 2 3 2 1 1 2 1 3 2 2 5 2
9 7 7 7 0 0 0 1 0 0 9 0 0 5 0 0 7 0 9 9
2 S S S Y S S M S S H S S A S S 5
5 5 5 5 1 1 1 6 1 1 2 1 1 5 1 6 6 1 6 2
4 7 8 8 8 B 8 8 5 8 8 8 8 8 S 8 8 3
9 8 8 8 5 5 5 3 3 5 3 5 5 6 5 5 1 5 5 4
4 2 2 2 0 0 0 1 0 0 7 0 0 8 0 0 5 0 0 4
2 5 6 6 6 H 6 6 S 6 6 6 6 6 K 6 6
5 5 5 5 4 5 5 9 5 5 S 5 5 6 5 5 8 5
2 A A A M A A L A A S A A H A A T
8 9 7 7 7 0 7 7 8 7 7 3 7 7 5 7 7 2
5 9 0 0 0 3 0 0 1 0 0 5 0 0 2 0 0 8
2 9 9 9 0 9 9 S 9 9 B 9 9 D 9 9 7
7 6 5 5 5 4 5 5 2 5 5 6 5 4 4 4 5 4
7 0 2 2 2 9 2 2 4 2 2 7 2 2 D 2 2 3
8 5 9 3 9 9 9 3 3 3 9 3 8 9 9 8 9 3
4 9 7 7 7 6 7 7 5 7 7 2 7 7 1 7 7 4
8 6 0 0 0 2 0 0 7 2 0 7 0 2 2 2 0 2
7 0 5 5 5 3 5 5 2 5 5 7 5 5 8 5 5 6
1 0 5 5 5 6 5 5 8 5 5 0 5 6 6 6 5 6
2 3 5 9 5 5 5 9 9 5 9 6 5 5 S 5 5 6
7 0 0 5 5 5 6 5 5 0 5 6 6 6 5 0 6 5 6
5 7 7 7 5 7 7 3 7 7 2 7 7 8 7 7 1
4 4 4 0 0 0 1 0 0 5 0 0 3 0 0 8 0 0 2
1 8 Y Y Y B Y Y S Y Y 1 Y Y T Y Y M
8 4 4 4 3 3 3 5 3 3 7 3 3 2 3 3 8 3 3 9
2 8 7 7 7 2 7 7 5 7 7 4 7 7 8 7 2 2
2 5 9 9 9 9 9 9 4 9 9 S 9 9 5 9 5 5
5 7 K K Y K K K 6 K K 5 K K S K K 3
5 8 8 8 0 0 0 2 0 0 1 0 0 8 0 2 2 0 2 1
9 9 1 1 1 5 1 5 5 1 1 3 1 1 0 1 1 9
3 8 5 5 5 8 5 8 8 5 0 5 5 3 5 5 1 5
9 9 7 7 7 9 7 9 9 7 5 7 7 1 7 7 2 7
2 8 7 7 7 8 7 8 8 7 3 7 7 2 7 7 4 7
2 M M M A M A A M M H M A H A M H
6 2 2 2 8 8 8 6 8 8 5 8 8 0 8 8 4 8 8 9
9 5 5 5 S 5 5 5 5 5 9 5 5 4 5 5 2 5
5 5 6 6 6 5 5 6 5 6 7 6 6 1 6 6 4 6
9 2 2 2 1 9 9 9 1 9 1 1 9 0 9 9 0 1 1 1
5 7 1 1 1 9 1 1 7 1 9 9 9 1 7 9 1 9
9 4 0 1 1 1 0 1 0 0 1 3 1 1 7 1 1 3
7 6 6 6 5 5 5 7 5 5 9 5 5 3 5 5 0 5 5 6
5 8 8 8 2 8 2 2 2 8 8 5 8 2 5 8 8
5 1 1 1 0 1 1 5 1 1 3 1 1 8 1 1 2
9 8 6 6 6 5 6 6 9 6 6 0 6 6 8 6 5 5
9 9 T T T S T T M T T Y T T A T T B
7 8 0 0 0 1 0 0 T 0 0 5 0 0 1 0 0 7
2 8 D D D 5 D D 0 D D S D D 6 D D A
8 8 7 7 7 3 7 7 1 7 7 5 7 7 8 7 3 3
6 2 2 2 8 2 2 B 2 2 3 2 2 5 2 2 2 2
1 2 6 6 6 2 6 2 2 2 6 S 6 2 S 6 6 S
7 8 8 8 7 7 7 2 7 7 3 7 7 5 7 7 6 7 7 1
2 2 2 2 9 2 2 7 2 9 9 9 2 7 9 2 9
8 8 3 5 3 3 3 5 5 5 3 9 3 3 9 5 3 5
6 1 5 5 5 3 5 5 2 5 5 7 5 5 9 5 5 1
7 6 2 2 2 8 2 2 7 2 2 3 2 2 9 2 2 5
9 9 4 4 4 0 4 4 5 4 4 3 4 4 6 4 4 1
4 9 9 9 A 9 A A 9 9 1 9 9 4 9 9 0 9
5 5 5 8 5 5 5 3 5 5 7 5 5 4 5 5 5
8 7 6 6 6 9 6 6 B 6 6 5 6 6 0 6 6 8
4 8 8 8 4 6 6 6 4 6 4 4 6 5 6 6 2 6 6 5
5 4 5 5 5 1 5 5 3 5 5 7 5 5 2 5 5 S
2 5 5 5 6 5 5 S 5 5 5 5 5 T 5 5 1
6 2 2 0 0 0 1 0 1 1 0 0 5 1 0 5 0 1 5
2 1 1 B 1 1 1 T 1 1 M 1 1 Y 1 1 H
5 8 8 8 4 8 8 6 8 4 4 8 4 6 8 8 3 8
9 1 2 2 2 6 2 2 5 2 2 0 2 2 3 2 2 1
6 9 9 6 6 6 5 6 6 1 6 6 3 6 6 2 6 6 9
2 7 S S S 0 S S 5 S S 3 S S D S S B
8 5 5 5 7 5 7 7 5 5 3 5 5 1 5 7 3 5
2 7 2 2 2 5 2 2 1 2 2 3 2 2 2 2 2
2 2 2 6 6 6 9 6 6 0 6 6 5 6 6 1 6 6 4
2 8 8 8 1 8 8 4 8 8 2 8 8 5 8 8 3
4 6 8 8 8 W 8 W W 8 8 H 8 W H 8 8 B
5 9 8 8 8 7 8 8 5 8 8 9 8 7 7 8 7 5
2 5 6 9 9 9 6 9 6 6 6 9 5 9 6 5 9 9
6 5 0 0 0 6 0 0 1 0 0 5 0 6 6 0 6 1
6 0 0 0 6 0 0 2 0 0 7 0 0 8 0 0 5 0
3 3 6 6 6 5 6 6 2 6 6 1 6 6 4 6 6 3
2 1 1 1 2 1 1 3 1 1 5 1 1 4 1 1 0
8 8 7 7 7 3 7 7 5 7 7 1 7 7 9 7 7 2
8 1 4 4 4 D 4 4 0 4 4 4 4 4 6 4 4 5
4 3 3 3 5 1 1 1 5 1 5 5 5 1 2 1 5 2 1 1
2 9 5 5 5 3 3 5 5 0 5 5 6 5 5 1 5 5
8 5 9 9 9 6 9 9 0 9 9 1 9 9 7 9 9 5
2 2 2 4 4 4 7 4 4 5 4 4 2 4 7 7 7 4 7
9 4 8 8 8 6 8 8 0 8 8 3 8 8 5 8 8 1
4 2 5 5 5 0 5 5 8 5 5 6 5 5 9 5 5 3
9 9 5 5 5 8 5 5 2 5 5 7 5 5 4 5 5 3
5 5 3 3 3 5 3 5 5 5 3 B 3 5 B 3 3 B
9 9 0 0 0 4 0 0 5 0 0 1 0 0 3 0 0 8
8 2 5 5 5 8 5 5 9 5 5 6 5 5 3 5 5 1
6 6 6 6 H H H Y H H W H H K H H A H H 6
2 2 2 2 S 2 2 2 2 2 5 2 2 3 2 2 D
8 7 7 7 8 8 8 5 8 8 9 8 8 3 8 8 0 8 8 4
5 8 2 2 2 5 2 2 3 2 2 7 2 2 8 2 5 5
5 7 6 6 6 2 6 6 5 6 6 4 6 6 9 6 6 3
8 8 8 8 3 8 8 1 8 8 2 8 8 5 8 8 4 8
7 5 5 9 9 9 7 9 9 8 9 9 4 9 9 1 9 9 3
4 5 9 9 9 6 9 9 0 9 9 7 9 6 6 6 9 6
9 1 0 0 0 5 0 0 4 0 0 9 0 0 3 0 0 1
8 8 9 9 9 0 9 9 5 9 9 1 9 9 9 9 9 6
5 4 4 5 5 5 1 5 5 3 5 5 5 5 5 2 5 5 7
1 5 5 5 4 4 4 9 4 4 2 4 4 5 4 9 9 4 7 4
7 0 8 8 8 2 8 8 5 8 8 3 8 8 9 8 8 7
8 6 3 3 3 7 3 3 4 3 3 0 3 3 8 3 3 1
2 2 2 2 L 2 2 Y 2 2 A 2 2 S 2 2 D
2 9 4 4 4 2 4 4 5 4 4 9 4 5 5 4 5 2
7 1 2 2 2 2 2 2 8 2 2 5 2 2 7 2 2 4
7 4 4 4 9 9 9 7 9 9 5 9 9 0 9 9 1 9 9 4
8 8 8 8 0 0 0 1 0 0 9 0 0 5 0 0 8 0 1 1
8 5 5 2 2 2 9 2 2 7 2 2 5 2 9 9 2 7 9
9 6 6 5 5 5 1 5 1 1 1 5 7 5 5 7 1 5 5
8 7 7 7 8 8 8 4 8 8 8 8 8 5 8 8 9 8 8 3
5 0 7 7 7 4 7 7 8 7 7 5 7 7 3 7 7 0
9 9 0 0 0 1 0 1 1 0 0 3 0 1 3 0 0 8
9 9 7 7 7 8 7 7 2 7 7 7 7 7 5 7 7 3
5 4 2 2 2 5 2 2 6 2 2 8 2 2 7 2 2 3
5 5 5 5 7 7 7 9 7 7 6 7 7 1 7 7 4 7 7 5
6 2 2 2 6 6 6 R 6 6 5 6 6 6 6 6 S 6 6 Y
6 6 6 H H H 5 H H S H H B H H 6 H 5 5
7 9 9 9 2 9 9 5 9 9 6 9 9 9 9 9 4 9
2 3 3 3 5 3 5 5 5 3 3 2 3 5 2 3 3
8 8 8 8 1 8 8 3 8 8 5 8 1 1 8 1 3 8
8 5 5 5 3 3 3 3 3 3 1 3 3 8 3 3 6 3 3 5
9 9 4 4 4 3 4 4 5 4 4 6 4 4 8 4 4 2
9 7 5 5 5 3 5 5 6 5 5 1 5 5 8 5 5 0
1 8 Y Y Y 6 Y Y D Y Y S Y Y 6 Y Y 5
2 4 9 9 9 0 9 0 0 9 9 7 9 9 5 9 9 1
5 5 2 2 2 0 2 2 3 2 2 1 2 2 7 2 2 5
7 7 7 7 9 9 9 5 9 9 4 9 9 8 9 9 6 9 9 0
5 5 2 2 1 2 2 2 3 2 2 2 2 2 5 2 1 1
7 7 4 0 0 0 4 0 4 4 4 0 9 0 0 1 0 0
9 9 8 8 8 3 8 8 4 8 8 0 8 8 1 8 8 2
5 5 5 5 4 5 4 4 5 5 2 5 5 3 5 5 5 5
2 2 4 4 4 B 4 4 1 4 4 6 4 4 5 4 4 0
5 9 9 9 5 9 9 4 9 9 2 9 9 6 9 9 3
8 7 7 7 5 5 5 2 5 5 1 5 5 3 5 5 6 5 5 9
9 2 4 4 4 9 4 4 5 4 4 6 4 4 3 4 4 4
2 5 5 5 1 5 5 S 5 5 5 5 5 1 5 5 Y
7 5 5 5 6 0 0 0 6 0 6 6 0 1 0 0 1 6 6 6
5 5 5 5 3 5 5 S 5 5 2 5 5 L 5 5 5
2 0 7 7 7 9 7 7 5 7 7 2 7 7 1 7 7 4
2 9 5 5 5 6 5 6 6 5 5 3 5 5 8 5 5 0
4 2 2 2 5 2 2 2 2 2 3 2 2 9 2 2 8 2
8 0 2 2 2 0 2 0 0 2 6 2 2 3 2 2 5 2
3 6 6 5 5 5 B 5 5 S 5 5 5 5 5 Y 5 5 7
5 5 7 7 7 1 7 1 1 7 7 5 7 1 5 7 5 1
4 8 2 2 7 2 2 2 5 2 2 6 2 2 8 2 7 7
8 9 0 0 0 7 0 0 1 0 0 8 0 0 5 0 0 4
4 8 8 8 4 4 4 6 4 4 4 4 4 A 4 4 5 4 4 1
7 0 5 5 5 1 5 5 7 5 5 2 5 5 9 5 5 3
6 7 R R R B R R A R R K R R H R R
1 5 5 5 4 5 4 4 5 5 9 5 5 2 5 5 6 5
1 4 5 5 5 3 5 5 1 5 5 2 5 3 3 3 5 3
6 1 8 8 8 7 8 8 5 8 8 3 8 8 2 8 8 0
5 2 2 5 5 5 3 5 5 5 5 5 8 5 5 0 5 5 6
5 2 2 2 1 2 1 1 1 2 2 5 2 2 3 2 2
8 1 4 4 4 7 4 4 5 4 4 6 4 4 8 4 4 3
7 5 5 5 9 5 5 7 5 5 5 5 5 6 5 5 0 5
2 4 4 4 2 4 4 5 4 4 6 4 4 3 4 4 8
5 6 2 2 2 5 2 2 7 2 2 3 2 2 9 2 2 6
5 8 2 2 2 9 2 2 7 2 2 5 2 2 6 2 2 4
9 2 1 1 1 7 1 1 5 1 1 0 1 1 2 1 7 7
1 2 8 8 8 2 8 2 2 2 8 9 8 2 9 8 8 9
2 2 2 2 2 2 2 R 2 R R 2 2 5 2 2 S
2 8 9 9 9 3 9 9 2 9 9 5 9 9 6 9 9 7
2 8 8 5 5 5 1 5 5 2 5 5 0 5 5 7 5 5 6
8 9 5 5 5 3 5 5 1 5 3 3 5 3 1 5 5 9
9 6 6 6 1 1 1 0 1 1 5 1 1 3 1 1 2 1 1 1
7 0 0 0 M 0 M M 0 0 D 0 0 1 0 0 W 0
5 8 8 8 5 5 5 3 5 5 8 5 3 3 5 3 8 5 8 3
6 5 2 2 2 7 2 2 8 2 2 3 2 2 6 2 2 5
8 5 5 5 0 0 0 7 0 0 1 7 0 7 7 0 1 0 0 5
9 3 5 5 5 B 5 5 S 5 5 D 5 5 K 5 5 5
9 9 1 1 1 0 1 1 5 1 1 4 1 1 8 1 1 3
6 3 7 7 7 9 7 7 Y 7 7 7 7 7 2 7 7 5
4 5 9 9 9 Y 9 Y Y 9 9 H 9 9 A 9 9 1
8 7 1 1 1 5 1 1 0 1 1 4 1 1 1 1 1 6
7 6 7 7 7 2 7 7 0 7 7 3 7 7 8 7 7 6
5 6 9 9 9 1 9 9 2 9 9 5 9 9 4 9 9 3
7 8 2 2 2 7 2 7 7 2 2 5 2 2 6 2 2 9
8 7 5 5 5 5 5 5 2 5 5 6 5 5 7 5 5 5
4 4 7 7 7 9 7 7 5 7 7 4 7 9 9 7 9 5
1 5 9 9 9 4 9 9 7 9 9 5 9 4 4 4 9 4
4 7 7 7 1 7 1 1 7 7 5 7 7 3 7 1 3 7
5 0 1 1 1 4 1 1 5 1 1 3 1 1 9 1 1 0
9 1 6 6 6 H 6 6 5 6 6 A 6 6 6 6 6 9
9 9 9 5 9 9 9 0 9 9 2 9 9 S 9 9 8 9
7 5 5 5 7 5 5 1 5 5 9 5 5 6 5 5 0 5
9 0 2 2 2 B 2 2 6 2 2 5 2 2 S 2 2 Y
5 3 2 2 2 4 2 2 7 2 2 6 2 2 5 2 2 8
2 4 4 4 5 4 5 5 5 4 4 1 4 5 1 4 4
5 5 3 3 3 5 3 3 3 3 3 7 3 3 8 3 3
5 6 6 6 7 6 6 5 6 6 D 6 6 2 6 6 4
2 6 7 7 7 9 7 7 2 7 2 2 7 7 4 7 7 5
4 7 8 8 8 2 8 2 2 8 8 5 8 8 4 8 8 3
8 2 5 5 5 0 5 5 5 5 5 8 5 5 2 5 0 0
5 1 5 5 5 3 5 5 8 5 5 5 5 5 7 5 5 6
5 7 7 7 4 7 7 5 7 7 2 7 7 3 7 7 9
7 5 5 5 7 5 7 7 5 5 0 7 5 0 5 7 0 5
5 4 1 1 1 4 1 4 4 1 5 1 1 2 1 1 3 1
5 7 1 1 1 7 1 7 7 1 0 1 1 9 1 1 5 1
5 5 5 5 5 5 5 6 5 5 3 5 5 7 5 5 1
5 7 7 7 5 7 7 3 7 7 1 7 7 8 7 7 4
5 9 9 9 4 4 4 6 4 4 8 4 4 5 4 4 0 4 4 9
4 0 5 5 5 7 5 5 0 5 7 0 5 0 0 5 2 5
9 9 5 5 5 8 5 5 6 5 5 5 5 5 3 5 5 0
7 2 4 4 4 5 4 4 6 4 4 7 4 4 3 4 4 9
4 5 0 0 0 1 0 0 8 0 0 5 0 1 1 0 1 8
8 4 9 9 9 0 9 9 5 9 9 6 9 9 7 9 9 4
2 2 2 R R 4 R R R 0 R R H R R Y R R A
9 1 6 6 6 5 6 6 9 6 6 8 6 6 0 6 5 5
5 8 8 8 2 2 2 9 2 2 7 2 2 5 2 2 6 2 2 4
5 1 6 6 6 0 6 6 8 6 6 5 6 6 3 6 6 9
7 6 0 0 0 2 0 0 5 0 0 1 0 0 7 0 0 8
2 5 5 2 2 2 1 2 2 7 2 2 5 2 1 1 1 2 1
7 7 2 7 7 7 2 2 2 7 5 7 7 5 2 7 2 5
5 2 9 9 9 8 9 9 6 9 9 5 9 9 7 9 9 4
9 6 6 6 5 5 5 5 5 5 S 5 5 2 5 5 3 5 5 9
9 6 7 7 7 3 7 7 5 7 7 7 7 7 1 7 7 8
9 9 9 4 9 9 9 7 9 9 5 9 9 9 9 4 4 9
8 1 2 2 2 5 2 2 6 2 2 3 2 2 1 2 5 5
1 6 1 1 1 5 1 1 2 1 1 3 1 1 9 1 1 0
5 1 5 5 5 3 5 3 3 5 5 8 5 3 8 5 5 9
5 1 5 1 1 1 5 5 5 1 0 5 1 5 0 1 1 0
8 9 5 5 5 8 5 5 1 5 5 4 5 5 3 5 5 9
4 4 4 4 6 6 6 1 6 6 0 6 6 5 6 6 4 6 1 1
4 4 4 4 6 6 6 5 6 6 8 6 6 0 6 6 1 6 6 4
8 7 5 5 5 6 5 5 9 5 5 5 5 5 0 5 5 4
6 6 6 6 5 5 5 9 5 5 6 5 9 9 5 9 6 9 9 9
2 8 8 1 1 1 8 1 2 1 1 5 1 1 2 8 1 8 8
5 7 7 7 9 7 7 5 7 9 9 7 9 5 9 7 5 9
5 6 6 6 0 0 0 8 0 0 7 0 0 1 0 0 3 0 0 5
7 7 7 6 6 6 9 6 6 5 6 6 8 6 6 4 6 6 0
7 1 5 5 5 S 5 5 5 5 5 Y 5 5 1 5 1 1
5 3 4 4 4 1 4 4 A 4 4 2 4 4 0 4 4 4
7 7 5 5 5 6 5 5 9 5 5 8 5 5 0 5 5 7
6 6 6 6 0 0 0 1 0 0 7 0 0 3 0 0 8 0 0 5
9 6 6 6 4 7 4 4 4 7 7 7 4 6 4 4 6 7 4 7
2 6 6 9 9 9 8 9 9 5 9 9 4 9 9 1 9 9 3
8 7 6 6 6 9 6 6 5 6 6 8 6 6 1 6 6 7
2 7 7 7 1 7 7 5 7 7 S 7 7 T 7 7 2
2 2 2 1 2 2 2 5 2 2 2 2 2 3 2 2 7
8 7 4 4 4 9 4 4 6 4 4 5 4 4 0 4 4 8
2 5 6 6 6 0 6 6 1 6 6 5 6 5 0 6 0 0
6 5 5 5 7 5 5 8 5 5 1 5 5 2 5 5 0 5
3 5 5 8 8 8 2 8 8 3 8 8 4 8 8 5 8 3 3
8 1 6 6 6 5 6 5 5 6 6 8 6 6 Y 6 6 0
9 0 9 9 9 9 9 9 S 9 9 Y 9 9 5 9 9 A
6 5 5 5 2 2 2 3 2 2 7 2 2 1 2 2 4 2 2 5
4 4 4 4 8 8 8 A 8 8 B 8 8 8 8 8 5 8 8 4
4 2 4 4 4 9 4 4 5 4 4 R 4 4 7 4 4 2
9 4 5 5 5 3 5 5 7 5 5 8 5 5 6 5 5 4
5 6 6 6 8 8 8 7 8 8 5 8 8 3 8 8 9 8 8 0
8 9 9 9 1 1 1 0 1 1 7 1 1 3 1 1 5 1 1 8
5 4 0 0 0 8 0 0 1 0 0 5 0 0 3 0 0 6
6 6 6 6 3 3 3 5 3 5 5 5 3 3 0 3 3 6 3 5
7 8 5 5 5 3 5 5 8 5 3 3 5 3 8 5 8 3
5 5 5 2 5 5 5 9 5 5 1 5 5 3 5 5 4
2 5 5 5 7 5 5 2 5 5 9 5 5 1 5 5 8
2 9 9 2 2 2 7 2 2 8 2 2 3 2 2 5 2 2 4
7 7 5 5 5 3 5 5 1 5 5 8 5 5 9 5 5 5
9 5 5 5 S 5 5 5 5 5 D 5 5 B 5 5 8 5
8 8 3 3 3 8 3 8 8 3 1 3 3 5 3 3 0 3
9 1 4 4 4 7 4 4 0 4 4 1 4 7 7 4 5 4
5 7 6 6 6 8 6 6 5 6 6 1 6 6 3 6 6 9
7 8 2 2 7 2 2 2 5 2 2 6 2 2 9 2 2 3
8 2 4 4 4 1 4 4 2 4 1 1 4 1 2 4 2 1
1 5 7 7 7 5 7 5 5 7 1 7 7 0 7 7 3 7
6 0 7 7 7 2 7 7 5 7 7 4 7 7 8 7 7 3
8 8 4 4 4 3 4 4 4 4 4 6 4 4 0 4 4 5
5 8 4 4 4 3 4 4 5 4 4 2 4 4 8 4 5 5
5 8 0 0 0 H 0 0 1 0 0 D 0 0 T 0 0 Y