9 0 6 2
9 2 2 1 2 S C E
( 5 2 6 4 G & G S T )
1 6 3 1 6
1 6 9 0 9 8 - 8
6 1 9 8 7 9
2 6 6 0 6 B B L U E
5 7 6 9
9 2 8 5 F & C L E
3 3 7 5 6
4 5 8 0 F A X
2 8 5 0 X 6
2 6 9 7 9 L U L L E
8 5 1 7 9
8 0 2 0 8 8 9
9 6 6 4
8 1 4 3 0
7 2 8 6 9 3
5 3 4 2 2 B A L
3 0 5 7 9 F
2 0 3 7 3 @ 8 %
6 5 2 8 7
7 8 9 0
1 0 6 8
9 1 0 5 2 8 - C A S H
8 4 9 6 4 X G L - 2
5 6 1 9 5
4 2 6 4 8 @ 6 L &
6 3 7 0 6
1 4 2 4 7 F B L 2 6
2 5 0 2 R M B L U E
6 2 1 2 3
9 9 8 0 5 8 -
7 5 7 5 9 @ 6 . 2 2
6 6 8 6 2
4 5 2 5 B R L 8
6 0 4 7 3 & B L U E
( 7 4 1 3 5 S A L E )
2 8 5 0
7 5 2 7 4 @ C L E A
9 3 2 8 F
8 1 4 5 0 S A L E
C A S H @ T A B L E
6 0 5 9 1 @ 6
2 8 1 5 2 -
4 3 6 9 4 8 0 L E
8 8 0 7 9
7 7 5 7 2 8 9
6 3 8 7 9
5 0 2 3 4 & B L U E
2 2 6 1 6 @ S D Z
7 3 0 9 2
6 4 2 0 5
8 2 3 9
7 7 8 3 0 @ $ 1 . 2
1 6 0 5 9
5 6 3 9 3 W O L L E
5 9 8 2
6 3 7 0 6 @ S A L E
9 7 8 0 0
7 9 1 8 8 4
6 3 8 4 2 8 8
6 1 4 5 6 @ 6 L
6 6 0 2 5
7 8 0 6 8 F B L U E
9 3 9 8 0 S E L L E
0 9 0 5 -
5 6 3 0 8
9 9 5 3 3
2 1 8 6 9 S
3 8 8 9 7 @ C L E
7 2 1 4 5 S A L E
8 7 9 1 A M O U N T
2 8 2 1 8 F B L - 2
2 8 2 1 8 F B L - 2
6 6 0 5 0
T E L : $ 1 1 . 5 0
4 1 9 4 7 A
3 1 8 2 4 - 8
9 8 3 6 6 B B L A
8 5 0
B A R T E L L
( 7 8 8 7 9 @ 5 % )
7 8 0 4 7 8 8
8 8 1 5 -
7 6 0 2 9
6 5 0 3 4 - 8
8 1 6 2 5 @ 6 L &
2 5 2 3
5 7 2 6 5
6 5 3 6 6 @ 6 L E
4 1 5 6 3
2 8 9 0 6 - R
3 2 8 6
8 6 5 0 8
1 2 8 1 9 1 4 / 4
2 8 3 9 0 S A L E
9 7 8 0 0
1 2 2 3 2 @ 8 0 3
9 2 1 7 3
6 2 1 4 9 F O L C E
1 4 9 1 0
4 3 1 5 7 B O L L E
6 1 4 9
7 1 7 1 3 3 4
7 5 0 0 9
6 9 2 0 9 X C L L E
5 6 5 6 6 X 3 1
4 9 7 5 6
7 8 1 0 R M
5 0 0 7 9
4 7 4 9 0
3 9 0 3 5
2 5 9 9 % T O L I A
1 2 9 6 0 8 -
8 8 1 5 5 5 -
2 7 5 7 0 W O L C E
7 7 3 4
1 3 6 4 4 @ 6 L &
6 5 3 6 6 B E L L E
5 9 4 6 8
7 4 2 5 7
2 3 7 3 7 3 P L E E T
4 4 8 6 1
2 0 2 3 9
6 2 3 5 3
2 0 5 6 3 8
6 2 3 6 7 @ $ 1 3 . 0 0
6 6 8 4 X 5
4 0 3 6 8
4 0 3 6 8
7 6 0 2 4
2 0 3 7 V E G L E
1 2 6 9 2
6 1 9 8 2 F A X
2 9 7 2 8 @ P L A C E
5 7 6 3 2
6 1 6 3 5 %
5 1 8 5 4 Q T Y
5 2 4 6 F # 0
8 0 7 6 1 @ P L A C E
B A R T E L L
3 5 8 0 7 1 1 - 2
9 3 6 4 8
6 0 7 9 0
6 0 8 2 5 X C L E
5 4 6 3 3 - B - H
5 7 4 6 5 1 1 3 5 2
8 8 1 9 8 S A L E
3 8 7 8 2 W A L
6 7 4 2 3 8 8
2 2 2 4 8
9 9 5 5 1 @ 6 L 2
9 8 9 3 7 @ 6 L E
3 2 8 6 8
( 6 7 2 2 ) 8 9 8 -
1 3 5 9
5 2 7 1 7 / 2
6 4 7 7 8 -
5 3 2 1 3 -
( 9 9 1 9 & @ 6 - 4 )
3 2 8 2 7 & G L U E
4 0 2 9 7
4 6 3 1 2 F O L C E
4 8 9 2 1 @ 8 L . 2
1 1 4 7 8
1 3 0 9 7
9 0 9 6 4 P P L
8 8 8 6 0
6 3 0 7 9
( 4 0 3 6 8 -
3 9 3 5 7 8 8 2 4
9 5 5 8 7 @ 8 0 3
5 5 3 6 6 @ 9 . 2 2
5 8 2 3 S S A L E
7 4 9 0 2
5 9 5 0 8 -
$ 4 8 9 . 4 0 & J A L A N
3 2 2 2 0
5 3 4 4 4 - B B L U E
( 6 0 7 9 0 @ 1 4 )
2 7 7 0 9 $ 1 3 . 0 0
3 4 2 0 R I C E
8 8 7 2
1 6 5 2
9 7 4 5 8 S B L U
5 7 9 2 3
8 3 5 2 9
1 7 9 5 3
1 9 3 4 5 & S L 2
9 9 2 1 6 - P L A C E
2 0 3 4 5 @ 3 L E
1 8 3 7 1 8 - 4
1 8 4 8 8 S A L E
9 1 1 1 8 - B E L L E
9 3 1 4 @ C O L L E
4 7 8 2 X 9 8 0 6
6 2 7 8 4 Z F
2 9 0 6 0
8 9 7 0 3
6 0 4 2 9
7 0 2 2 F A B L E S
2 6 4 5 2 3 P L E
4 0 6 3 0 W P L L E
5 9 7 3 S L C
3 8 3 4 0 S A L E
2 3 0 1 1 - 8
8 1 1 2 4 8 8 4
8 2 5 7 0
4 7 0 2 7 @ 6 L &
8 3 2 5 @ S L E
6 0 5 6 8
7 8 7 4 2
2 3 0 5 2 8 5 6
6 6 4 3 1 1
1 7 3 7 8 - 6 5 6
8 2 6 2 8
9 4 1 2 X 8 -
8 1 2 2 7 8 8 1 9
7 0 5 8 0 1 P C - 2
( 2 7 5 - F I N A L
7 9 5 8 A M
3 8 0 5 8
7 3 7 4 4
3 7 9 0 5 L A L S E
1 8 3 7 7 8 8 4 6
2 2 1 2 8
9 7 0 9 3
9 5 8 @ C L .
5 1 1 6 7 @ 3 %
4 7 1 6 8 F G L U E
9 8 6 3 1 @ 6 L &
4 2 1 0 7 1 8 0 2
7 3 5 6
A M O U N T O F S A L A D
8 3 7 . S R E
8 9 7 0 3
5 9 0 0 2
1 9 9 8 6 8 -
2 6 4 5 2 8
7 0 2 2 F # 9 L
8 5 3 9 2 R I C E
4 9 7 6 1
8 8 9 0 1 F
7 0 3 2 7
8 0 6 6 3
4 3 9 6
7 0 0 6 @ 6 C E
5 1 7 3 1 @ 6 / 2
4 4 3 0 1 @ 6 L &
1 9 1 8 X 6 %
8 4 2 3 7 8 P L E
1 8 7 2 7 8 8 0 6 5
2 5 9 9 1 1
3 7 8 6 R E G
5 8 2 0 2 @ P L A C E
2 4 3 1 9 P I C E
3 8 0 5 8 L A L C E
9 9 4 7 9 1 9
2 8 7 8 6
3 3 2 6 A M
4 2 8 6 6 & S C E
T E L :
1 1 6 7 8
9 2 0 9 8 - 8
( 5 7 9 9 0 A M O U N T )
9 4 1 0 5 2 5
7 6 7 3 9 @
7 6 2 8 0 $ 1 3 . 0 0
7 5 0 1 2 0
9 8 6 5 5 S A L E
4 6 8
( 1 8 0 1 6 ) 8 1 9 - 5
8 8 0 6
8 6 7 3 8
6 2 2 8 3
1 2 2 6
7 8 1 7 3 P L E
2 1 2 9 . 8 8
8 4 3 9 @ W I L L E
6 0 2 3 5 X X
7 8 8 2 7 S A L E
9 8 4 0 9
4 9 0 9 R M O L L E
3 7 3 8 3 & C L E
8 7 9 6 9 @ L
4 8 4 6 1
5 4 1 3 S A L E
1 4 6 7 5 S A L E
6 2 0 1 3 @ 3 0 3
8 1 0 + +
5 8 6 8 4 - 8
8 0 2 0 6
6 9 1 6 3 8 8 L &
2 7 6 0 3
6 5 6 0
7 6 2 1 6
2 2 0 6 9 @ 6 C S
1 1 8 1 4 -
4 6 8 & G L A
3 9 8 7 8
2 5 6 9 6
6 5 0 6 9 B
6 0 0 0 4 @ 6 L 2
3 3 6 1 7 - 8 -
2 5 1 1 9 R I C E
7 8 1 7 3 @ L
8 1 7 4 B E E L L
4 3 9 1 5 & P L U E
1 9 3 0 3 X 6 6 8
6 5 9 3 6
1 2 7 4 5
2 4 8 0 6
6 2 5 8 5 @ 6 L &
( 8 2 5 8 8 @ 6 % )
6 8 4 3 2 3 - 2
9 8 0 4 X X
2 6 3 8 @ A L L
6 6 6 A 9 8 L
7 3 7 0 2 S P C - E
8 7 5 8 9 S A L E
5 8 2 3 S S A L E
5 7 6 2 4
1 8 3 8 1 @ 6
7 5 4 9 8 - 8
4 3 9 6
8 3 5 8 0 N A I L E R
8 8 6 9 @ 3 L 2
3 4 1 5 3 $ 3 L 2
9 5 4 9 7 F E L
6 0 8 2 7
6 7 3 0 0 8
2 9 8 2
2 5 3 2 0 - 7 - 4 - 5
7 1 3 2 2 @ 6 %
7 4 4 9 9 8 8
1 8 9 0 9 @ 6 L . 2
8 3 2 9 3
8 6 1 5 7
8 7 8 8 4 & C L E
5 0 7 4 8
9 5 0 2 S S T
9 5 7 8 7
5 4 2 6 1 B E L 4
5 5 7 9 6
6 2 8 6
6 6 6
8 0 9 2 2 8
5 8 2 3 S S A L E
8 8 8 1 5
8 5 6 3 3 S P L A C E
8 9 5 4 3 @ P L A C E
9 7 6 3 B R I C E
1 8 5 6 7 S A L E
1 4 9 0 S F G L L E
3 3 0 2 2 - 8
( 7 3 8 0 7 - 8 3 8 - 8
3 5 2 1 8
7 7 3 0 4 @ 6 L & E
T A X A B L E
5 5 2 5 4 F O L D E R
2 2 6 4 8 8 9 L 2
4 3 9 2 2 F E E
8 7 3 1 9 R I C E
2 0 4 4
6 7 1 2 8
7 5 4 0 6 R B L U E
3 2 5 3 2
1 0 7 9 8
5 4 5 6 8 - B - 4
1 2 : 4 5 A M
8 0 2 0 6 8 8 6 - E
3 6 4 5 8 7 8
3 8 7 0 - 8 - 4
4 8 2 6 & W A L L E
8 9 0 7 4 B S L E
4 8 4 6 1
7 0 1 5 9
6 7 8 @ L C E
8 2 3 9
1 4 3 1 9 W E L L E
6 1 8 7 - S A L E
5 2 3 5 0
7 1 1 2 8 8 8 1 8
8 0 4 7 8
7 5 7 5 9 S B L U E
6 1 4 2 8 8 8
6 3 2 5 9 8
5 8 2 9 9
9 2 1 7 3
6 1 9 8 7
7 2 3 2 R M B L U E
9 8 0 3 9 A G L - S
2 8 1 5 2
9 6 5 6 F E E
9 6 0 1 6 1 5 6 4
7 0 9 0 A M O L S E
5 8 4 3 8 L A L
6 5 2 8 7 8 6 0 6
8 5 2 0 7 F O L L E
S R : 5 3 1 8 8 -
( 9 0 1 4 R E G .
6 3 8 7 9
6 5 1 9 4 S A L E
1 2 0 5 @ @ 6 %
6 3 7 0 6
6 7 9 1 2
7 8 2 7 6 F C L E
6 7 5 5 2 @
4 4 7 9 3
1 6 9 7 2 S A L E
( 4 7 1 7 8 -
3 0 1 4 9 &
3 8 8
6 1 9 8 7 ( 8 1 8 )
7 5 7 5 9 @ 6 L - 2
9 0 6 2 8 7 4
5 3 4 2 2 B
8 0 7 1 F F L O T S
5 3 7 3 3 - B E L L E
3 3 7 6 0 X X
2 6 9 7 9 - 4
4 7 8 2 M E L L S
2 8 5 0 X 8
3 1 8 3 3
3 3 7 4 3 8
* 3 8 0 7 0 - 1 . 4
5 4 6 1 4 @ 0 L &
4 7 4 9 0
1 2 5 5 0
2 1 7 3 7 2 9 0 3
5 9 4 6 8
4 0 5 0 7 R I C E
4 4 3 5 8 -
7 2 1 4 5
4 3 8 0 0 1 1 - L -
1 4 9 0 S A L E
2 2 0 4
9 1 6 5 5
5 8 2 9 9
5 1 6 0 3
7 6 0 2 9 S A L E
1 5 6 1 2 @ C L A C E
7 0 6 7 8
( 1 2 9 6 0 1 8 - 4 )
9 6 5 5 1 R I C E
6 7 7 3 6
8 1 9 4 7
8 1 6 2 5 @ 6 0 2
3 6 1 3 9
1 4 3 0 0 8 8
3 1 9 0 4
4 2 4 1 + 6 4 2
4 4 1 6 0 P @ 2 %
4 4 1 6 0 @ S L 2
4 7 5 5 6 S G L =
6 6 9 5 6
2 8 2 1 8 F B L U E
8 7 9 1 A M O U N T
5 6 3 0 8 A M
3 7 5 6 9 W B L U E
7 1 1 5 8 7 4
5 3 0 4 2 R I C E
7 6 5 9 8 6 8
6 6 3 0 7 @ B L U E
9 6 7 4 6
2 6 8 9 8 7 4
8 7 6 9 3 X X 6 5 4
2 7 3 7 2 @ L &
2 2 2 1 3
( 8 7 4 9 6 G - 4 )
1 3 5 6 0
6 3 1 5 8 W I S H
3 5 3 8 2 @ P L A C E
8 1 0 0 6 P L E
5 6 8 9 9 # 0 6 5
6 5 2 1 7
4 4 2 8
4 1 9 4 9 R B L U E
9 4 3 5 8
3 6 3 8 7 8 8 8
8 9 4 0 7
9 4 0 0 5 S A L E
6 6 6 3 0 S A L E
7 8 3 5 8
V A N V A R S E
2 4 5 7 9 8
2 9 7 2 8 S G L - 2
( 2 7 5 - F I N A L
3 3 7 5 6 R I C E
8 5 3 8 9
8 0 4 7 8 8 7 4
5 7 6 8 3
7 8 2 7 6 F C L E
4 2 9 4 1 X X 6 L & E
3 8 7 0
6 0 7 2 4
8 3 4 0 2
5 8 4 3 8 A X
3 8 5 0 F B L U E