4 4 4 S Y
6 5 7 S
5 0 4 4 L
5 1 6 5 7 L
4 5 7 1 S S
4 5 1 5 L
2 6 6 5 H
5 7 5 5 S
5 4 1 5 T
1 5 7 5 6 M
4 5 5 L T
6 0 5 5 M
2 4 7 7 T A
5 1 5 7 K
9 4 4 1 T S
1 7 1 5 S
8 2 4 6 L
7 5 4 L
5 5 4 1 T S
5 4 5 7 9 S
4 1 5 5 L
4 4 5 7 5 L
4 5 5 1 L
5 7 5 5 S
4 5 5 2 L
6 5 0 4 S
5 4 1 1 L
4 5 4 4 S
6 6 5 1 L
4 7 4 T
2 5 0 7 K M
6 7 1 S
9 9 8 5 L S
4 5 7 5 4 S
5 5 5 1 L
4 5 7 5 L T
7 7 4 7 7 S
1 4 1 5 D
7 5 5 5 L
1 5 1 7 L
5 3 2 8 L
5 M
7 M
6 0 5 0 1
4 8 3 5 4 A
5 5 5 4 S
5 1 1 7 S
7 5 5 L
4 5 5 5 T
5 7 5 4 K
4 6 0 6 K
7 5 0 4 A
6 4 1 0 T
4 5 4 7 5 S
7 7 4 5 5
6 5 5 1 Y Y
5 5 7 5 H
5 5 8 7 T H
6 6 7 7 2
5 5 5 0 L
7 7 7 L S
5 0 5 4 A
5 4 5 5 M
6 6 5 4 S
7 8 0 5 1 M
5 0 4 L A
4 5 7 5 S
5 6 5 5 L S
5 1 5 5 5 S
2 5 5 6 5 Y
5 5 8 7 7 M
7 7 1 4 L
6 0 7 1 M A
4 2 4 8 S
4 2 1 4 D
6 6 5 5 5 L
4 5 4 4 T H
4 4 1 4 L
5 8 7 4 B D
9 5 6 6 6 D S
9 5 1 L W
4 4 4 L T
7 8 8 7 Y
8 0 4 4 M
6 8 5 5 S H
5 6 5 1 5 Y
6 5 5 4 R S
6 6 4 5 S
7 5 5 S
5 7 5 1 D
5 5 5 6 L
4 1 7 L L
5 4 3 5 B
5 5 2 6 S
6 5 5 5 L A
1 1 8 1 L A
2 5 5 7 0 M
5 7 1 1 L
7 7 5 4 L
2 2 2 7 L
6 1 4 9 Y
1 4 7 1 L M
4 5 1 5 L
6 5 4 Y
4 1 1 1 L
5 5 L S
6 9 7 0 D A
5 5 5 6 6 D
4 7 7 5 D
7 5 5 1 R
5 0 5 7 Y
4 4 0 4 A A
5 9 1 5 D
5 5 4 5 T S
7 1 5 5 L L
5 4 1 1 D Y
4 5 7 1 H
5 5 5 4 Y Y
4 5 6 4 4 L S
6 5 5 6 6 L S
5 9 4 6 D
7 4 5 5 L
5 4 4 S
4 4 5 6 L
5 1 5 5 Y
6 9 5 5 S A
2 0 5 6 S
4 4 7 L
6 0 5 4 S S
7 4 1 4 0 L
7 4 1 4 0 L
1 5 5 7 4 H
5 7 4 1 S
4 2 6 6 Y
6 1 5 8 L
4 0 7 2 8
5 6 5 5 L
6 6 6 5 5 S
5 5 8 5 L
6 4 4 6 S
6 3 6 4 M
7 4 L
6 5 6 L
9 5 6 4 6 M S
5 4 7 1 B
6 1 5 2 D A
5 4 6 5 L
5 7 4 5 L A
8 2 1 9 S
6 5 8 7 8 S S
6 5 4 5 S T
7 2 1 L
1 1 5 5 L
1 8 5 5 5 T
5 1 6 6 L S
5 5 7 7 7 T
1 5 5 5 Y
4 4 7 7 L
6 4 7 5 S
5 5 7 7 L S
1 0 7 1 L
5 1 8 7 Y
4 1 7 1 L
4 6 5 2 2 L
4 5 1 2 L
4 5 4 7 K
5 5 1 1 Y
4 0 4 L
6 8 5 6 4 L
6 5 5 7 Y
4 1 5 5 B
5 7 5 L
1 5 5 8 L
4 5 4 6 6 M S
4 1 5 5 S
7 4 9 0 L
5 M
6 4 4 4 L
5 4 4 1 L
6 4 4 4 A S
6 1 7 4 L
2 7 7 6 L
5 4 7 1 K S
4 4 1 7 L
1 5 5 7 H S
4 7 7 4 L
5 5 7 2 L
7 4 8 5 S
1 1 7 5 S
5 5 4 5 R
4 7 1 1 L
7 0 7 4 4 M M
5 5 5 L
1 8 4 8 0
4 1 4 5 5 T S
5 5 1 4 M
4 4 8 7 L H
5 5 7 4 4 M
1 9 5 5 S S
6 7 1 1 L
5 5 1 4 S
4 1 1 4 T T
4 4 4 2 L
4 5 6 5 L
5 7 6 Y
7 4 7 4 L
4 0 4 L A
5 7 1 L
8 4 5 1 L
4 1 5 7 M M
5 3 7 5 M M
4 6 5 5 6 L
5 5 7 L
1 7 1 1 S
6 5 4 5 S
7 7 5 7
4 5 5 5 L
4 4 2 D
8 1 5 7 A
6 1 5 8 0
4 1 5 T T
7 5 5 8 M M
5 5 8 5 A A
1 5 7 4 4 L
6 7 7 5 L A
1 5 7 Y
2 2 1 2 6 S
9 7 0 5 5 S
5 7 Y
5 1 L
4 4 1 8 L
7 6 6 5 1 S
4 2 1 0 M
7 5 5 5 6
4 4 4 L
5 5 L
4 5 7 1 5 D
5 0 0 1 A S
7 0 7 5 6 6 H
7 4 4 4 5 L
5 1 1 5 M
6 0 0 4 L
4 9 7 6 L
6 3 5 1 L
7 1 5 7 K
4 0 5 5 S
5 5 5 S
4 0 0 5 S
5 1 5 L
4 4 5 1 L
1 1 1 5 L
6 4 2 7 T D
1 8 5 7 7 S S
4 5 5 5 L
5 7 4 1 L
5 5 0 0 2 M
4 4 5 0 L
6 0 5 5 A A
4 5 4 7 4 A A
1 8 7 5 L
5 5 7 L
4 1 5 5 D
4 4 4 L
1 5 5 5 S
9 4 1 0 K S
5 5 5 1 L
1 4 1 1 L
6 6 5 9 M M
4 6 7 5 L
4 5 5 7 L L
9 5 6 5 D
4 4 7 Y
7 7 7 L
5 7 L
5 5 7 L T
6 9 1 9 T S
1 1 7 4 L
4 0 1 7 6 M
4 1 7 S S
6 4 1 0 Y M
6 4 5 5 L
7 5 1 7 7 A
9 5 4 4 Y
4 7 0 0 K W
5 5 7 4 S
6 7 6 5 D
4 5 4 6 L
5 4 1 5 L
4 4 5 5 T S
5 1 5 5 S Y
6 4 1 L
5 8 6 4 R M
9 1 7 6 L
4 7 4 6 L
4 7 5 L
1 5 5 1 1 L
7 6 1 5 6 L
4 0 6 5 M
1 5 8 1 4 L S
4 5 5 M
5 0 8 8 B
4 5 5 5 B
4 5 5 6 5 L
6 0 5 4 M
5 5 6 1 L S
4 5 1 1 7
7 8 4 7 L
5 7 4 S
4 3 0 1 S
1 9 5 6 L
6 5 5 5 6 L
1 7 7 4 L
4 7 4 8 6
6 4 5 4 R
4 4 7 6 L
5 0 7 S K
9 5 1 4 M
4 5 1 4 1
6 6 6 M Y
4 7 2 S
6 7 5 0 L
6 8 7 5 S S
5 5 6 2 4 L
1 6 8 6 B
4 5 4 8 L S
4 5 7 6 S S
4 4 4 L A
5 8 4 0 M M
5 4 1 5 5 S
4 0 4 4 L H
4 5 5 7 L
4 7 7 5 L
2 9 8 5 L
4 5 7 4 L
7 1 3 4 L
7 4 4 1 R S
4 8 7 1 Y
5 5 4 4 5
5 6 1 5 M
8 7 8 6 4 L
5 1 7 4 L
1 5 5 1 L
5 1 5 8 L
5 4 7 5 T
5 5 7 6 L T
6 7 5 6 R
6 5 6 6 T T
5 4 1 7 2 L
4 4 5 5 S
6 8 8 5 L T
8 0 5 3 4 S
6 7 5 4 D
5 7 5 5 T T
1 8 5 5 L
1 4 0 1 T Y
1 5 0 2 2 T S
4 7 5 7 L
5 5 L
4 5 5 4 4 S
4 4 4 L
6 5 2 5 L
7 9 6 4 M S
4 1 4 4 L
6 7 5 1 Y
6 0 4 4 A W
6 7 7 L
7 5 4 6 K K
6 7 5 5 S
5 5 7 9 S
4 4 5 1 L S
4 7 7 7 L
8 1 7 6 H S
6 6 5 5 T Y
7 5 5 7 L
4 5 7 4 S M
6 5 0 7 L
4 5 4 4 L
7 1 5 5 S
6 7 8 R
4 7 5 5 S
1 4 5 1 D
6 5 8 7 L
5 4 5 5 L
7 1 1 7 T
5 5 4 7 L
4 5 5 5 H S
5 1 L T
6 5 5 5 S
5 2 1 6 M
4 4 2 5 S
6 1 1 5 L
4 7 0 9 R M
4 0 7 6 A
2 8 1 5 L
4 5 5 5 T
5 6 5 5 D
7 0 0 4 M M
5 8 4 6 8 A A
6 5 7 5 5
8 5 2 7 M
5 5 0 L T
5 5 1 4 L T
6 5 8 7 Y
7 L
4 5 5 5
4 5 7 7 L
6 7 7 4 L
7 8 2 7 D
1 4 5 5 L
4 4 4 7 5 S S
7 5 0 7 2 Y
4 1 1 6 L
7 5 5 4 4 A
5 5 4 L
7 5 5 0 D
7 5 7 5 M
9 0 6 L
5 5 4 4 L S
6 5 4 L M
5 7 7 7 5 R S
6 5 7 6 L A
4 6 7 7 A A
4 1 8 7 2 L
4 4 5 5 L
5 5 8 5 S S
5 5 7 4 S
7 5 5 7 1 L A
5 4 6 4 4 L
4 4 L
1 7 5 5 L
5 1 7 5 7 L R
5 1 4 6 8 D
4 4 7 L
4 4 4 5 0 T T
4 1 4 4 M
4 5 5 L
1 4 9 1 T S
7 1 1 4 S S
4 1 5 5 D
5 5 5 1 1 Y T
5 1 6 1 6 S
6 6 1 L Y
4 6 4 4 M
7 7 7 4 L L
4 0 5 7 L L
4 5 5 5 L
4 5 7 1 5 H
4 5 9 4 M
7 5 6 5 S
5 6 5 5 Y A
5 4 5 0 L
7 1 1 L
4 4 5 4 L
4 4 4 6 L
4 4 6 1 L
4 7 5 5 6 S
6 5 1 5 6 M A
2 8 2 1 4 M
1 9 7 5 S A
5 5 5 7 8 A A
5 7 5 5 6 M
7 1 1 5 T T
5 5 0 4 L
7 5 6 5 8 L D
6 6 0 7 K
4 5 7 4 L
4 5 5 L T
5 5 6 1 6 S A
4 4 5 4 L
4 2 2 1 L
6 7 5 5 B
4 5 5 6 L
6 5 5 5 L
5 5 5 8 2 S
4 4 6 Y
6 5 5 9 9
5 5 5 1 T
4 4 2 8 S
4 9 4 7 R
5 4 4 5 6 S S
6 6 5 7 S S
6 4 4 L
5 1 4 4 D
6 6 6 4 L
1 5 5 6 S M
7 7 5 5 L
1 5 5 5 L T
5 7 7 8 S
4 1 5 T T
4 5 5 1 L S
8 5 5 8 S
5 0 4 1 T
5 1 6 6 L
7 8 2 7 D
4 7 1 4 L
1 8 5 7 L M
5 0 7 2 L H
8 5 4 L A
5 5 4 4 5 S A
5 5 5 L