5 7 2 1 B
4 1 7 2 2
4 2 4 4 5
3 1 5 5 5
2 6 7 5 7 B
5 1 T
2 6 6 5 6
5 7 6 9
4 1 1 5 T
2 7 5 6
4 5 5 H
7 5 5 5
2 6 7 7 0 A
5 5 2 7 5 T
8 0 2 0 B
1 1 1 5 T
8 3 4 3 0 B
7 2 5 5 5
5 3 4 2 2
3 1 5 7 9
2 1 5 7 5
6 5 2 8 7
7 3 5
1 3 5 5
7 2 2 5 2
8 4 5 6 4
5 6 3 9 5
4 2 6 4 8
6 3 7 5 6
1 4 2 4 7
2 5 0 2 R
6 2 3 2 5
9 9 8 0 5 B
7 5 7 5 9
5 1 1 5 2 B
4 5 2 5 B
6 2 4 7 3
7 4 1 5 5
2 8 5 1
7 5 2 7 4
5 3 2 8
5 1 4 3 B
7 1 9 1 1 B
6 0 5 9 3
2 8 2 5 2
5 6 5 4
3 3 5 7 7
7 7 5 7 2
6 3 3 7 9
5 1 2 3 4
2 2 5 5 D
7 3 0 9 2
6 4 2 0 5
1 1 2 5 B
7 7 5 5 2
1 6 3 5 9
5 6 3 9 3
5 5 8 2 B
6 2 7 7 6
5 7 8 0
7 9 1 B
5 3 8 4 2
6 2 4 5 5 B
6 6 5 2 5
7 8 0 5 8
7 3 7 5 5 B
4 4 1 1 5 T
5 6 5 5 5
9 7 5 3 3
2 1 5 6 9
3 8 8 9 7
7 2 2 4 5
8 7 9 2 A
2 8 2 2 8
2 8 2 1 8
6 6 5 5
1 5 5 5 7
4 2 9 4 7
3 2 8 2 4 B
9 8 3 6 6 B
8 5 0 H
3 4 9 2 7
7 8 8 7 3
7 8 0 4 T
8 8 2 5 H
7 6 5 2 9
6 5 5 3 4 B
8 1 6 2 5
2 5 2 3
5 7 2 6 5
6 5 3 6 6
4 1 5 5
2 5 9 5 5
3 2 8 6
8 6 5 5 B
3 2 8 2 9
2 8 3 9 0
3 7 8 0
1 2 2 3 2
9 2 2 7 3
6 2 2 4 9
2 4 9 2 1 H
4 3 5 7
6 2 1 9
7 1 7 7 T
7 5 0 1 5
6 3 2 0 3
5 5 5 6 5
4 9 7 5 6 B
7 8 3 2 1 R
5 1 5 7 9 B
4 7 4 9 0 A
3 9 0 3 5
7 4 5 H
1 2 9 6 0
8 5 2 1 5 H
2 7 5 7
1 1 4 1 T
3 3 6 4 4
6 5 3 6 6
5 9 4 6 8
7 4 2 5 7
2 2 7 7 7
4 4 8 6 2
2 0 2 5 9
6 2 3 5 5
2 0 5 6 3
6 2 3 5 7
6 6 8 4 A
4 4 0 5 5 B
4 4 0 5 5 B
7 5 5 2 4 B
7 1 5 1 T
1 2 6 9 2
6 2 1 8 2
2 9 7 2 8
5 7 5 3 2
6 2 6 3 B
5 2 8 5 4
1 7 1 1 T
8 0 7 6 2
5 1 1 8 H
3 5 5 5 7 T
9 3 6 4 8 B
6 1 7 3 5
6 5 8 2 5
5 4 6 3 3 B
5 7 4 6 5
8 8 2 9 8
1 3 8 7 8 B
6 7 4 2 3 B
2 2 2 7 4
1 9 9 5 5 L
9 8 9 3 7
3 8 6 5 B
5 7 2 2 D
1 3 5 9
5 2 7 7 A
6 4 7 7 5 B
5 3 2 1 3 B
5 0 1 1 1 A
3 2 8 2 7
4 0 2 3 7
4 6 3 2 2
4 8 7 2 1
1 1 4 7 8
2 3 0 5 7
7 0 7 4 5
8 8 8 6 1
6 3 5 7 9
4 0 3 5 8
3 9 3 5 7 T
9 5 5 8 7
5 5 3 6 8
5 3 7 2 1 T
7 4 3 5 2
3 T
4 8 1 8
1 2 2 2 B
5 3 4 4 4
7 7 7 5
2 7 7 0 5
3 4 2 0 R
9 8 7 2 B
1 6 5 2 H
8 7 4 5 5
5 7 9 2 3
2 3 5 9
1 7 5 5 3
1 9 3 4 5
1 9 2 2 B
2 0 3 4 5
1 5 3 7
1 8 4 8 8
9 2 2 2 8 B
1 7 4 4 M
4 7 8 2 H
6 2 7 8 4
1 2 5 0 3 H
8 9 7 0 3
5 0 1 2 3
7 1 1 2 T
2 6 4 5 2
4 2 6 3
5 9 7 3
3 5 5 3 4
2 3 0 2 B
8 1 2 2 4 B
8 2 5 7 1
4 7 0 2 7
8 3 2 5 M
6 1 5 5 8
7 8 7 2 2
2 3 0 5 2 B
6 1 4 5 2 A
2 7 3 7 B
5 2 6 2 5
9 4 1 2 T
8 1 2 7
7 1 5 5 5
5 R
7 9 5 8 M
3 8 0 5 8 A
7 3 7 4 4
3 7 9 0 5 A
1 8 3 7 7
2 2 1 2 8
9 7 0 9 3
1 5 B
5 1 2 7
4 7 1 5 8
1 8 6 3 2
4 2 1 1 7
7 3 5 6
2 2 2 5 5
5 5 7
8 9 7 0 3
5 9 0 0 2 B
2 9 9 8 6
2 6 4 5 2
1 1 1 B
8 5 3 3 2
4 9 7 6 2
8 8 5 5 2
7 1 3 2 7
8 3 5 5 3
4 5 5 5
7 0 0 5
5 2 7 3 2
4 4 3 0 2
1 9 3 B
8 4 2 3 7
1 8 7 2 7 B
2 5 5 5 T
7 1 5 1 T
5 8 2 0 2
2 4 5 1 9
3 8 3 5 8 A
9 5 4 7 7 A
2 8 7 5 6
1 3 2 6
4 2 8 6 6
5 2 2 8 B
2 1 5 7 5
9 2 5 9 B
5 7 1 1 5 K
3 4 1 1 1 R
7 6 7 3 9
7 5 2 5 5
7 5 0 2 2
9 8 6 5 5
4 5 8
7 2
3 5 5
8 5 7 3
6 2 2 8 3 B
1 2 2 6 B
7 8 4 7 3
2 2 2 7
8 4 3 9 W
6 1 5 2 5 A
7 8 8 2 7
9 8 4 0 7
4 9 0 9 A
3 7 3 3 3
8 7 3 6 1
4 8 4 6 2
5 4 2 3 S
1 4 4 5 T
6 2 3 3
1 5 1 T
5 8 6 8 4 B
1 8 1 2 0 B
5 9 2 6 3
2 7 5 5 3
4 5 5 1 1
7 6 2 3 6
2 2 1 6 9
1 3 8 2 4 B
4 5 8
3 9 8 7 8
2 5 6 9 6
6 5 1 6 9
6 5 1 7 5
3 3 6 2 7 B
2 5 2 2 9
7 8 2 7 3
8 2 7 4
4 3 9 1 5
3 9 3 5 3
6 5 5 5 6
1 2 7 4 5
2 4 8 5 6
6 2 5 8 5
2 2 5 8 B
5 8 4 5 R
1 9 8 5 4
2 1 5 1 T
6 6 6 H
7 3 7 0 2
8 7 5 8 9
5 8 2 3 S
5 7 6 2 4
2 8 3 8 2
7 5 4 9 8 B
4 3 9 6 H
2 2 5 5 3 M
8 8 6 1 R
3 4 1 5 3
1 0 5 4 3 7
6 1 5 2 7
5 7 2 1 0
2 9 8 2
2 5 2 7
7 1 3 2
7 4 4 9 9 B
2 3 9 0 9
6 5 2 5 T
8 6 2 5 7
8 7 8 8 4
5 0 7 4 8 B
1 5 0 L
9 5 7 8 7
5 4 2 5 1
5 5 7 9 6 B
6 2 3 6 5
6 6 6 H
5 0 9 2 2
5 1 7 2 T
8 8 8 2 5 B
8 5 5 3 3
8 9 5 3
5 7 1 3 T
1 3 5 6 7
3 4 9 0 B
3 3 0 2 2 B
7 3 8 7 B
3 5 2 2
7 7 3 4
4 1 1 4 5
5 5 2 5 4
2 2 6 4 B
7 3 5 2
8 7 5 7
2 0 4 4 A
6 7 2
7 5 4 5 6
1 1 1 B
1 0 7 9 8
5 1 5 2 2 B
2 2 2 5 T
8 0 2 0 6 B
3 6 4 5 B
3 5 7 0 A
4 8 2 5 B
8 5 0 7 4
4 8 4 6 2
7 0 1 5 5
6 7 8
1 2 1 1 H
2 4 3 2 9
6 2 8 7 H
5 2 3 5 0
7 1 2 2 T
8 1 4 7 8
7 5 7 5 9
5 1 1 T
6 3 2 5 9
5 8 2 9 9
3 2 2 7 3
6 3 9 8 7
7 2 3 2 R
9 2 8 1 6 T
2 8 2 5 2
1 1 5 T
9 6 5 2 2
7 0 9 0 M
5 8 4 3 8 A
6 5 2 8 7
8 5 2 1 7
3 5 5 5 3
1 1 5 H
6 3 8 7 9
1 1 1 T
1 1 5 T
6 3 7 0 6
6 7 9 2
7 8 2 7 6
6 7 5 5 2
4 4 7 9 3 B
1 5 3 7 2
4 7 2 7 8
3 1 2 4 9
9 9 6 5
6 2 8 7
7 5 7 5 1
9 T 6 2 B
5 7 4 2
1 1 9 T
5 3 7 3 3 B
3 3 7 6 3 A
2 6 7 7 T
4 7 8 2 H
2 8 5 1 A
3 1 8 3 3 B
3 3 7 4 3
7 3 5 3 7 H
5 4 6 2 4
4 7 4 7 A
1 2 5 5 5 T
2 1 7 3 7
5 9 4 6 8
4 1 5 7
4 4 L
7 7 1 4 5
4 3 3 3 2 T
1 4 9 0 B
2 2 0 4 R
9 1 6 5 5
5 8 2 3 9 B
5 1 6 0 3 B
7 6 2 9
2 5 0 2 2
7 1 5 B
2 7 5 1
9 6 5 5 1
5 7 7 3 5
4 2 9 4 7
8 1 6 2 5
3 6 1 3 9
1 4 3 5 5
5 1 1 7 T
9 2 1 1 H
4 4 2 6 5
4 4 2 6 0
4 7 5 5 6
6 6 9 5 6 A
2 8 2 1 8
8 7 9 2
5 6 3 5 8 A
3 7 5 6 9
7 1 2 5 B
5 3 0 4 2
7 6 5 9 8 B
6 6 3 5 7
9 6 7 4 6
2 6 5 1 B
8 7 6 9 3 A
2 3 7 2 7
7 2 2 2 3
8 7 4 9 6
4 2 5 5 0
6 3 5 5 8
3 5 3 8 2
6 2 2 5 5 B
5 6 8 9 9
5 5 2 2 7
4 4 2 8
4 2 3 4 7
1 4 3 5 8 B
3 6 3 8 7 B
6 9 4 1 7
5 4 1 3 5 S
6 6 6 3 0
7 8 3 5 8
5 7 7 5 5 T
2 4 5 7 9 B
2 9 7 2 8
5 R
3 3 7 5 D
8 5 3 8 8
8 0 1 7 5
5 7 6 8 3
7 8 2 7 6
4 2 7 1 4
3 8 7 0 A
6 0 7 2 4 B
8 3 4 3 2 H
5 8 4 3 8 A
3 1 5