2 4 2 S
9 2 2 2 L
9 2 4 8
1 6 5 1 6
1 6 9 0 9 B B
6 1 9 5 Y
2 6 6 0 6 D
5 7 6 9 Y
4 7 7 5 5 T
4 5 7 5 1 D
4 5 8 L H
2 8 5 0 A B
2 6 9 7 9 A A
8 5 2 7 9 D
8 0 2 0 B D
7 7 5 1 S
8 1 4 3 0 B B
7 2 8 0 9
5 3 4 2 2 D
3 0 5 7 9 H
2 0 5 5 S
6 5 2 8 7 B
8 5 D
1 3 5 8 B
2 1 5 2 S
8 4 9 6 4
5 6 1 9 5
4 2 6 4 8 B
6 3 7 0 6 M
1 4 2 4 7 H
2 5 0 2 R W
6 2 1 2 S
1 9 8 0 5 B B
7 5 7 5 9 S
0 6 8 5 2 B B
4 5 2 5 D R
6 5 4 7 3
7 4 1 5 5
2 8 5 0 A B
7 5 2 7 4 W
9 3 2 8 H
1 1 4 S
1 . 1 5 5 K D
6 0 5 9 1 Y
2 8 1 5 2 Y
4 3 6 9 4 D
8 8 0 7 9 S
7 7 5 7 2 D
6 3 8 7 9 H
5 0 2 3 4 R
2 2 6 1 6 H
7 3 0 9 2 Y
6 4 2 0 5 M
1 3 8 5 9
7 7 8 3 0 M
1 6 0 5 9 W
5 6 3 9 3 W
5 5 8 2 B H
6 5 7 0 6 H
3 7 8 0 0 B
7 9 1 B D
8 3 8 4 2 D
6 1 4 5 6 M
6 6 0 2 5 B
7 8 0 5 8 H
9 3 9 8 0 B B
4 4 5 5 S
5 6 5 8 A A
9 9 5 5 S
2 1 8 6 9 M
3 8 8 9 7 M
7 2 1 4 5
8 7 9 1 A A
2 8 2 1 8 H
2 8 2 1 8 H
6 6 5 5
5 5 2 H
4 1 9 4 7 A
3 1 8 2 4 B B
9 8 5 6 6 B B
8 5 0 H Y
3 4 9 7 T
7 8 8 7 9 M
7 8 0 4 7 D
8 8 1 5 H H
7 6 0 2 9 H
6 5 0 3 4 B B
8 1 6 2 5 R
2 5 2 3 R H
5 7 2 6 5 L
6 5 3 6 0 B
4 1 5 6 2 B B
2 8 9 8 6 T
3 2 8 6 D T
8 6 5 0 8 A
1 2 8 1 9 A B
2 8 5 9 0 B
9 7 8 0 0 B
1 2 2 5 2 W
9 2 2 7 3 H
6 2 1 4 9 Y
1 4 9 1 0 M
4 3 1 D
6 1 4 9 Y
7 1 2 1 5 B
7 5 0 0 5 W
8 9 2 0 9 A
5 6 5 5
4 9 7 5 6 B B
7 8 1 0 R W
5 0 0 7 9 R
4 7 4 9 0 A A
3 9 0 3 5 A
1 2 5 7 5 T
1 2 9 6 0 D
8 8 2 1 5 H H
2 7 5 7 0 H
8 7 5 2 5 R L
1 3 6 4 4 B
6 5 3 6 B
5 9 4 6 8
7 4 2 5 7 R
2 1 7 7 R
4 4 8 6 2 R
2 0 2 3 9 A
6 2 3 5 3 A A
2 0 5 6 5 D
4 2 3 6 7 M
6 6 8 4 A S
4 0 3 8 8
4 0 3 8 8
7 6 0 2 4 B
1 1 8 1 S
1 2 6 9 2 S
6 1 9 8 2
2 9 7 2 8 S
5 7 6 3 2 A
6 1 6 3 B H
5 1 8 5 4 M
1 2 5 5 W
8 0 7 6 1 W
5 9 5 5 5 D
3 5 8 0 7 A A
9 3 6 4 8 B B
6 0 7 9 0
6 0 8 2 5 A
5 4 6 3 3 B B
5 7 4 6 5 A L
8 8 1 9 8 S
3 8 7 8 B W
6 7 4 2 3 B B
2 2 2 4 8 R
9 9 5 5 2 W
9 8 9 5 7 M
3 2 8 6 D R
5 7 2 2 D Y
1 5 5 9 A
4 2 7 2 2
6 4 7 7 8 B S
5 3 2 1 5 B B
9 9 1 9 A W
3 2 8 2 7 W
4 0 2 9 7 W
4 6 3 1 2 H
4 8 9 2 1 H
1 1 4 7 8 Y
1 3 0 9 7 T
4 9 6 4 B
8 8 8 6 0 M
6 3 0 7 9 M
4 0 3 5 8 B
3 9 5 7 D
9 5 5 8 7 M
2 5 3 6 6 M
5 8 2 5 S S
7 4 9 0 2 A
2 2 L L
1 9 4 9 A
1 2 2 2 B
5 3 4 4 4 B B
1 2 9 0
2 7 7 0 9 Y
3 4 2 0 R S
8 8 7 2 B B
1 6 5 2 H R
9 7 4 5 2
5 7 9 2 3 B
4 5 5 9 A
1 7 9 5 3 B
1 9 3 4 5 R
2 9 2 1 4 S
2 0 3 4 5 M
1 8 3 7 D
1 8 4 8 8 S
9 1 1 1 8 B B
9 3 2 4 M Y
4 7 8 2 H Y
6 2 7 8 4 S
7 5 5 0 B
8 9 7 0 3 R
5 0 4 2 3 T
1 9 2 2 T
2 4 5 2 S
4 0 6 3 4 W
5 9 7 3 Y
3 8 3 4 B
2 3 0 2 1 B B
8 1 2 4 B B
8 2 5 7 0 B B
4 7 0 2 7 M
8 3 2 5 M M
6 0 5 5 8
7 8 7 4 2 S
2 3 0 5 2 B B
6 6 4 5 1 M A
1 7 3 7 B H
8 2 6 2 D
9 4 1 2 A
8 1 2 2 T
7 5 5 8 0 L
2 2 5 5 S
7 9 5 8 M M
3 8 0 5 8 A A
7 5 7 4 4 B
3 7 9 0 5 A A
1 8 3 7 7 D
2 2 1 2 8 B B
9 7 0 9 5 B
2 5 8 Y Y
5 1 1 5 W
4 7 1 8 8 H
9 8 6 5 1 B
4 2 1 0 7 A
7 3 5 6 S
1 8 4 T D
2 2 S
8 9 7 0 5 R
5 9 0 0 2 B B
1 9 9 8 6 D D
2 6 4 5 2 D
1 1 2 2
8 5 3 8 2 R
4 9 7 6 1 W
8 8 9 8 1 H
7 0 3 2 7 B
8 0 5 3 D
4 3 9 5 T R
7 0 0 5 M
5 1 7 3 1 B
4 4 3 0 2 B
1 9 1 8 H Y
8 4 2 3 7 B
1 8 7 2 7 R
2 5 5 5 H
8 9 2 8 1
5 8 2 0 2 M
1 5 1 9 S
3 8 0 5 8 A A
9 9 4 7 9 A A
2 8 7 8 6 B B
3 2 M
4 2 8 6 6 W
4 8 5 5
1 1 6 7 8 R
9 2 0 9 B R
1 5 5 5 D
9 4 1 0 R
7 6 7 3 9 M
7 6 2 5 0
7 5 0 1 2 L
9 8 6 5 5 S
4 8 8 H
1 8 0 1 D
8 8 0 0
8 5 7 3 Y T
6 2 2 8 3 B B
1 2 2 6 B S
7 8 1 7 3 Y
2 1 2 9 B D
8 4 3 9 H H
6 0 2 5 5 A
7 8 8 2 7 D
9 8 4 0 9 A A
4 9 0 9 A W
3 7 3 8 3 M
8 7 9 6 9 B
4 8 4 6 2 W
5 4 1 5 S S
2 4 6 7 3
6 2 0 1 S
3 5 1 0 T
5 8 6 8 4 B B
8 0 2 0 6 B B
6 9 1 6 5 D
2 7 6 0 3 B
1 5 5 1 1
7 6 2 1 6 R
2 2 0 6 9 M
1 1 8 1 4 B B
4 5 8 W
3 9 8 7 8 H
2 5 6 9 6 T
6 5 0 6 9 D
6 0 0 0 4 M
3 3 6 1 7 B B
2 5 1 2 9 R
7 8 1 7 3 Y
8 1 7 4 D D
4 3 9 1 5 M
1 9 3 0 3 A
6 5 9 5 6 S
1 2 7 4 5
2 4 8 0 6 Y
6 2 5 8 5 R
8 2 5 8 R
6 8 4 3 R
9 8 0 4 A M
2 5 5 1 T
6 6 6 H Y
7 3 7 0 2 S
8 7 5 8 9 Y
5 8 2 3 S S
5 7 6 2 4 Y
1 8 3 8 1 B
7 5 4 9 8 B B
4 3 9 6 H R
4 5 8 0 A A
8 8 6 1 R M
3 4 1 5 3 Y
9 5 4 9 7 H
6 0 8 2 7 T
1 7 3 0
2 9 8 2 Y
2 5 2 2
7 1 3 2 M
7 4 4 9 9 B B
1 8 9 0 9 Y
1 5 5 5 D
8 6 1 5 7 W
8 7 8 8 4 M
5 0 7 4 8 B B
1 5 0 2 S
9 5 7 8 7 Y
5 4 2 5 1 D
5 5 7 9 6 B B
6 2 8 6 R Y
6 6 6 H Y
8 0 9 2 2 D
5 8 2 3 S S
8 8 8 1 5 B B
8 5 6 3 3 S
8 9 5 4 3 D L
3 7 5 3 D T
1 8 5 6 7 S
1 4 9 0 D Y
3 3 0 2 2 B B
7 3 8 0 7 B B
3 5 2 1 8 D
7 7 3 4 M
1 4 5 S
5 5 2 5 4 H
2 2 6 4 B D
4 3 8 2
8 7 5 2 9 R
2 0 4 4 A W
6 7 1 2 B
7 5 4 0 6 R
3 2 5 5 2 Y
1 0 7 9 8 M
5 9 5 5 8 B B
1 2 2 5
8 0 2 0 6 B B
3 6 4 5 B Y
5 8 7 3 A S
4 8 2 0 B W
8 5 0 7 4 D
4 8 4 6 1 W
9 0 1 5 9 M
6 7 8 R
1 7 8 5 1 1
1 4 3 1 9 W
6 1 8 7 T S
5 2 5 5 0 T
7 1 1 2 D D
8 0 4 7 8 D
7 5 7 5 9 S
6 1 4 2 D T
6 3 2 5 9 T
5 8 2 9 9 L A
9 2 2 7 5 T
6 1 9 7 Y
7 2 3 2 R W
4 9 8 0 3 9 H
2 8 1 5 2 Y
7 3 5 1
9 6 0 1 6 A
7 0 9 0 M M
5 8 4 3 8 A A
6 5 2 8 7 B
8 5 2 0 7 H
9 9 0 3 S
1 9 8 8 1 T
6 3 8 7 9 H
6 5 1 2 T
1 9 2 1 T
6 3 7 0 6 M
6 7 9 1 2 R
7 8 2 7 6 H
8 7 5 5 2 W
4 4 7 9 3 S B
1 5 8 7 2 S
4 7 1 7 8 A
3 0 1 4 9 M
8 6 4 S
6 1 8 5 Y
7 5 7 5 9 S
9 0 6 2 B Y
5 3 4 2 D
9 9 4 5 S
5 3 7 3 3 B B
3 5 7 6 0 A A
2 6 9 7 9 A A
4 7 8 2 H Y
2 8 5 0 A B
3 1 8 5 5 B B
3 3 7 4 3 D
7 3 8 0 7 B A
5 4 6 1 4 B
4 7 4 9 L A
1 2 5 5 T
2 1 7 5 7 R
5 9 4 6 8 Y
4 0 5 0 7 R
4 4 5 5 0 D T
7 2 1 4 5 B
4 3 8 0 0 A A
1 4 9 0 D Y
2 2 0 4 R R
9 1 6 5 5 S
5 8 2 9 9 B B
5 1 6 0 2 B B
7 6 8 2 9 H
1 5 6 1 2 M
7 8 4 2 8
1 2 5 8 0 D
9 6 5 5 2 R
8 7 7 3 0 A
4 1 9 4 7
8 1 6 2 5 R
5 6 1 5 9 A A
1 4 3 5 8 B
3 1 9 0 4 B
9 2 5 1 T
4 4 1 6 0
4 4 1 6 0 S
4 7 5 5 6 S
6 6 9 5 6 A A
2 8 2 1 8 H
8 7 9 1 A
5 6 3 0 8 A A
3 7 5 6 9 W
7 1 1 5 B Y
5 5 0 4 2 R
7 6 5 9 8 B B
6 6 3 0 7 R
9 6 7 4 6 Y
2 6 8 1 B D
8 7 6 9 3 A A
2 1 7 2 R
2 2 2 1 3 T
8 7 4 9 6 M
4 5 5 0
6 3 1 5 8 M
3 5 3 8 2 S
8 1 0 0 6 Y
5 6 8 9 9 Y
6 5 2 1 2 T
4 4 2 8 A
4 2 9 4 9 R
9 4 3 5 8 B B
3 6 3 8 7 B B
8 9 4 0 7 R T
8 4 0 0 B S
6 6 6 3 0 Y
7 8 5 8 M
7 5 4 2
2 4 5 7 9 B B
2 9 7 2 8 S
2 2 5 5 S
4 3 7 5 0 R
8 5 3 8
8 0 4 7 8 D
5 7 6 8 3 M
7 8 2 7 6 H
4 2 9 4 2 A
3 8 7 0 A D
6 0 7 2 4 B B
8 3 4 0 2 H
5 8 4 3 8 A A
3 8 5 0 H